140 199 
93 91 
9 90 
38 134 
144 31 
164 4 
168 15 
149 21 
104 35 
89 174 
32 68 
186 38 
151 18 
16 83 
103 167 
193 70 
106 179 
189 29 
139 199 
168 2 
62 117 
116 56 
189 59 
190 55 
48 108 
132 25 
97 49 
128 26 
112 191 
127 193 
33 71 
90 155 
187 77 
1 95 
7 102 
104 83 
118 29 
75 63 
191 55 
32 130 
185 46 
83 148 
23 81 
127 28 
194 66 
176 3 
68 65 
192 60 
88 41 
1 97 
159 7 
197 145 
2 93 
79 46 
181 79 
13 118 
131 54 
170 51 
188 31 
50 112 
177 0 
69 150 
6 89 
161 19 
110 180 
106 167 
5 100 
127 26 
76 63 
0 100 
24 122 
120 155 
2 96 
179 67 
46 61 
104 184 
132 24 
110 183 
71 166 
119 192 
15 110 
147 20 
88 42 
10 116 
2 111 
52 84 
116 182 
49 62 
83 47 
84 159 
30 109 
101 36 
105 89 
8 107 
144 15 
95 162 
147 199 
179 9 
129 197 
90 164 
35 137 
180 77 
80 52 
37 99 
134 75 
90 114 
135 22 
102 35 
6 90 
19 122 
120 181 
103 168 
46 124 
49 82 
32 135 
31 111 
78 51 
4 105 
22 85 
113 180 
193 64 
173 40 
104 98 
187 35 
72 163 
49 73 
191 154 
163 24 
112 189 
65 51 
190 42 
181 29 
15 87 
60 137 
10 105 
110 169 
83 173 
140 74 
15 81 
122 183 
73 76 
119 84 
159 8 
100 141 
188 60 
14 120 
128 195 
191 58 
88 171 
131 80 
39 132 
54 146 
40 137 
6 114 
186 134 
78 62 
25 84 
60 53 
3 109 
151 199 
38 131 
5 90 
199 188 
30 70 
65 145 
94 174 
138 20 
5 112 
184 19 
180 71 
58 128 
167 3 
94 173 
179 9 
174 2 
79 106 
170 131 
127 49 
103 179 
90 50 
136 21 
48 59 
32 136 
190 34 
196 176 
32 73 
197 125 
115 191 
76 147 
187 24 
55 132 
34 123 
87 175 
10 85 
110 85 
5 110 
93 86 
136 196 
168 12 
51 145 
157 12 
5 89 
175 50 
133 197 
53 141 
153 11 
85 172 
153 17 
38 70 
60 152 
8 114 
185 76 
186 147 
67 50 
143 17 
20 114 
37 84 
54 139 
58 135 
17 109 
129 181 
68 78 
150 199 
36 139 
192 61 
87 60 
34 140 
121 186 
26 121 
143 16 
32 73 
107 179 
31 100 
152 11 
97 174 
80 162 
56 136 
130 27 
29 123 
146 13 
150 11 
141 60 
98 49 
164 123 
7 92 
118 185 
67 52 
80 145 
176 0 
80 99 
95 43 
14 107 
30 120 
41 70 
145 18 
124 28 
39 125 
71 160 
171 18 
159 11 
123 186 
94 110 
15 82 
0 99 
54 128 
160 7 
5 89 
107 166 
113 191 
173 199 
10 117 
72 132 
84 44 
199 104 
54 154 
144 198 
2 92 
185 39 
144 82 
124 184 
66 154 
132 191 
39 119 
199 176 
23 101 
124 187 
46 127 
61 157 
199 108 
63 154 
103 177 
38 127 
87 62 
48 150 
189 32 
21 104 
6 109 
56 143 
61 67 
157 8 
67 152 
193 63 
56 57 
193 21 
128 46 
131 193 
126 187 
118 192 
23 100 
104 34 
167 5 
111 81 
137 196 
174 56 
124 189 
55 132 
32 123 
84 173 
144 17 
158 15 
9 117 
94 159 
36 71 
195 78 
173 50 
25 82 
149 199 
4 91 
160 150 
147 13 
61 137 
22 92 
19 78 
148 12 
62 148 
35 106 
0 102 
35 136 
21 106 
104 180 
127 189 
77 151 
17 95 
186 56 
44 102 
142 21 
145 198 
182 66 
24 74 
96 159 
176 160 
169 127 
133 198 
12 107 
32 133 
30 83 
186 94 
108 169 
19 114 
121 191 
23 128 
17 84 
24 113 
61 145 
70 153 
196 175 
83 157 
4 98 
123 185 
8 117 
88 174 
24 108 
191 77 
67 112 
49 147 
155 56 
161 44 
71 161 
109 175 
79 103 
147 35 
44 67 
56 153 
92 62 
149 57 
48 86 
13 106 
80 166 
123 28 
121 184 
58 150 
47 140 
6 94 
94 41 
117 188 
13 92 
28 71 
140 20 
118 176 
12 118 
114 186 
62 52 
156 154 
32 68 
193 61 
104 38 
28 121 
72 61 
85 44 
42 142 
11 94 
39 139 
141 18 
146 28 
84 80 
80 46 
127 188 
114 175 
83 45 
10 96 
26 132 
144 22 
157 9 
12 90 
177 158 
72 159 
42 136 
180 17 
23 76 
117 192 
113 169 
166 16 
156 8 
66 135 
88 45 
150 199 
68 128 
134 199 
13 108 
91 72 
189 46 
199 154 
95 48 
106 172 
38 65 
79 120 
31 126 
199 199 
140 197 
0 96 
14 118 
25 121 
138 199 
55 69 
106 181 
14 114 
109 32 
149 64 
11 102 
10 87 
113 189 
199 190 
156 9 
13 85 
166 7 
92 160 
17 102 
40 63 
79 101 
178 54 
103 158 
21 119 
4 90 
90 101 
56 141 
104 93 
69 161 
58 54 
61 141 
122 185 
37 77 
55 55 
76 169 
94 114 
47 143 
88 161 
64 143 
151 36 
9 86 
27 72 
193 61 
30 69 
21 102 
199 199 
14 94 
61 157 
30 129 
151 91 
187 76 
105 33 
196 111 
186 49 
108 175 
129 26 
125 188 
10 100 
148 22 
112 176 
44 83 
117 192 
46 134 
13 100 
129 189 
36 117 
42 126 
145 74 
100 72 
70 50 
93 179 
4 92 
90 166 
181 154 
166 18 
150 12 
137 21 
108 182 
33 123 
172 9 
89 162 
188 148 
137 193 
71 151 
148 199 
167 3 
157 17 
55 57 
22 76 
5 107 
197 176 
94 178 
74 113 
78 159 
121 176 
197 75 
160 9 
34 138 
124 86 
175 23 
114 188 
190 35 
5 111 
169 44 
157 19 
189 41 
183 6 
175 2 
117 180 
157 11 
59 109 
14 99 
19 112 
199 199 
132 195 
176 28 
138 163 
108 176 
142 27 
31 131 
69 55 
19 112 
105 174 
166 13 
185 36 
0 106 
145 15 
65 143 
114 31 
103 166 
123 118 
108 183 
154 10 
79 149 
162 63 
51 73 
167 43 
199 160 
29 124 
172 16 
159 199 
89 41 
185 26 
82 45 
66 90 
14 86 
139 199 
64 59 
190 37 
192 124 
99 42 
131 183 
199 170 
32 128 
137 199 
154 199 
186 59 
190 58 
142 24 
73 155 
171 36 
67 152 
66 132 
129 190 
58 144 
9 87 
22 118 
3 108 
59 150 
85 171 
146 199 
128 136 
190 63 
143 165 
94 132 
28 85 
67 134 
130 25 
91 100 
172 67 
19 116 
37 118 
169 46 
113 132 
114 32 
162 9 
33 125 
91 159 
122 195 
134 22 
177 1 
66 155 
199 187 
175 145 
6 89 
1 104 
146 140 
20 81 
137 21 
93 103 
167 24 
199 163 
162 25 
146 14 
187 57 
67 136 
183 5 
176 74 
179 17 
199 182 
21 123 
14 121 
0 98 
179 81 
135 197 
199 198 
57 145 
165 11 
65 58 
41 135 
3 111 
20 122 
89 51 
162 199 
133 23 
191 54 
80 152 
103 39 
85 48 
47 148 
115 179 
89 98 
192 58 
77 105 
56 148 
63 137 
56 59 
19 79 
107 167 
64 61 
12 101 
65 159 
33 140 
112 48 
193 169 
114 191 
21 108 
192 58 
13 85 
95 163 
195 71 
17 88 
166 6 
190 59 
78 144 
182 56 
165 48 
137 21 
14 92 
122 181 
30 123 
74 163 
178 39 
114 172 
131 197 
29 126 
155 18 
79 116 
194 75 
174 0 
28 126 
92 40 
54 129 
61 146 
29 132 
82 56 
119 194 
172 153 
70 92 
125 27 
163 5 
191 80 
103 178 
152 37 
93 171 
191 47 
153 9 
119 180 
82 170 
158 7 
115 176 
122 195 
33 116 
176 199 
64 92 
55 63 
164 43 
179 162 
53 145 
81 104 
184 33 
71 154 
141 144 
115 185 
106 34 
198 124 
121 195 
23 75 
197 178 
111 168 
199 175 
155 9 
146 37 
85 44 
166 3 
75 104 
99 179 
59 115 
156 8 
48 130 
120 186 
149 32 
5 114 
21 123 
25 120 
64 51 
7 106 
127 195 
27 123 
87 158 
70 154 
147 13 
4 94 
146 38 
68 164 
61 148 
78 47 
150 50 
163 4 
193 90 
76 154 
136 81 
183 34 
187 30 
66 160 
185 132 
112 187 
193 170 
162 5 
42 116 
75 168 
1 98 
199 170 
158 78 
180 40 
129 193 
37 141 
126 27 
185 72 
126 52 
9 110 
34 85 
110 190 
58 68 
199 181 
29 72 
11 99 
87 50 
177 0 
151 74 
86 159 
164 4 
62 117 
81 109 
191 54 
86 171 
10 86 
144 199 
166 61 
128 193 
171 24 
105 178 
193 60 
84 44 
192 54 
102 167 
71 49 
114 191 
164 4 
160 6 
85 157 
169 20 
121 194 
157 21 
169 13 
143 67 
23 95 
173 7 
81 147 
44 144 
158 11 
98 98 
184 24 
73 108 
98 69 
129 196 
113 186 
168 199 
129 188 
3 92 
50 138 
137 137 
55 58 
20 108 
174 199 
0 101 
160 20 
63 147 
111 178 
111 181 
55 126 
123 28 
171 1 
161 5 
16 80 
68 155 
124 36 
62 114 
168 5 
144 30 
57 133 
55 144 
149 11 
81 154 
188 157 
95 175 
68 55 
55 145 
72 153 
168 150 
105 187 
21 116 
21 125 
98 161 
44 133 
76 47 
140 46 
23 75 
6 103 
36 122 
32 126 
122 28 
45 75 
174 63 
190 67 
124 60 
107 165 
83 44 
154 16 
65 153 
15 82 
80 165 
12 114 
91 172 
137 23 
31 134 
31 74 
110 163 
118 186 
56 133 
168 13 
57 143 
77 162 
41 91 
2 100 
167 3 
163 13 
116 183 
132 190 
41 133 
27 128 
125 165 
127 78 
79 46 
92 159 
176 8 
50 148 
2 95 
150 23 
70 136 
99 124 
142 17 
144 198 
111 183 
95 92 
98 90 
111 31 
159 6 
51 108 
50 59 
23 122 
41 120 
179 12 
102 167 
97 95 
137 194 
41 143 
173 28 
90 169 
99 177 
165 10 
156 11 
185 47 
146 50 
63 91 
25 127 
160 12 
47 134 
14 113 
92 173 
89 176 
18 93 
58 57 
91 44 
138 198 
181 12 
48 141 
33 80 
141 17 
174 0 
37 142 
150 71 
179 37 
164 28 
67 140 
188 41 
74 147 
28 71 
167 73 
140 19 
86 112 
120 193 
199 149 
199 156 
70 106 
57 55 
60 148 
147 51 
27 77 
140 18 
135 44 
45 61 
88 64 
191 35 
74 51 
34 132 
183 14 
172 1 
177 33 
105 177 
68 93 
62 135 
7 99 
165 5 
155 8 
133 192 
187 152 
55 93 
55 115 
150 34 
38 81 
25 122 
172 66 
199 146 
76 47 
106 39 
12 99 
92 153 
140 195 
51 70 
151 199 
117 30 
199 199 
61 159 
1 101 
139 19 
94 70 
156 199 
15 81 
18 113 
91 74 
27 119 
48 60 
1 108 
152 10 
3 112 
38 128 
185 56 
90 41 
188 58 
15 89 
107 169 
162 16 
88 174 
198 113 
3 99 
191 145 
131 195 
165 4 
38 65 
107 189 
13 84 
112 175 
126 196 
32 121 
1 95 
71 151 
153 13 
133 191 
174 0 
188 162 
22 122 
133 23 
151 199 
193 58 
36 118 
192 165 
45 76 
163 14 
8 113 
166 3 
168 3 
24 85 
132 53 
16 117 
62 145 
192 81 
186 24 
129 47 
153 9 
24 80 
152 11 
154 35 
72 166 
16 121 
79 164 
89 173 
153 150 
8 100 
74 84 
56 149 
187 46 
180 1 
143 79 
188 45 
199 199 
109 189 
23 120 
131 113 
86 153 
78 136 
71 112 
115 30 
137 163 
184 53 
190 44 
40 82 
98 94 
80 146 
97 169 
151 20 
108 34 
156 8 
82 103 
17 112 
155 46 
125 185 
53 56 
166 42 
197 77 
167 3 
74 164 
73 49 
140 197 
97 88 
186 71 
189 43 
83 151 
157 23 
112 182 
161 39 
130 25 
88 136 
6 104 
8 105 
142 39 
30 130 
149 12 
1 94 
171 1 
20 110 
183 72 
190 43 
18 112 
125 186 
47 61 
58 107 
42 141 
19 121 
3 101 
3 92 
73 153 
0 102 
184 67 
102 121 
146 14 
125 46 
48 145 
197 77 
72 48 
69 51 
70 137 
184 69 
25 95 
63 141 
120 186 
118 192 
167 133 
135 92 
81 144 
159 26 
6 89 
153 28 
161 11 
74 137 
185 23 
69 106 
5 108 
116 166 
16 81 
61 55 
105 33 
7 95 
116 77 
41 115 
43 76 
64 130 
54 122 
30 75 
188 39 
102 36 
19 119 
28 119 
33 136 
52 106 
15 100 
56 135 
7 91 
39 64 
195 70 
27 131 
152 13 
85 159 
133 197 
139 20 
7 88 
135 197 
110 189 
66 144 
184 55 
126 29 
81 156 
41 118 
71 153 
126 27 
24 124 
174 8 
55 128 
104 34 
74 104 
73 138 
141 144 
84 114 
71 162 
31 69 
199 199 
118 184 
194 169 
181 54 
195 84 
44 131 
65 152 
16 93 
108 171 
98 183 
29 76 
33 135 
148 13 
73 126 
131 24 
45 115 
171 1 
176 54 
9 85 
94 169 
64 161 
127 27 
17 110 
187 24 
133 196 
103 34 
106 173 
172 43 
196 80 
194 71 
156 108 
49 130 
121 194 
86 155 
10 87 
15 96 
95 159 
7 91 
82 154 
69 50 
153 12 
61 137 
61 157 
184 25 
187 48 
23 98 
71 130 
7 108 
187 29 
192 56 
127 75 
183 59 
166 4 
109 175 
109 122 
65 160 
190 58 
164 8 
83 170 
93 159 
141 129 
133 192 
181 32 
144 16 
43 108 
126 167 
180 40 
124 192 
149 177 
132 80 
199 199 
77 47 
47 140 
126 195 
171 3 
102 170 
135 22 
136 198 
34 81 
88 152 
49 150 
1 94 
60 135 
116 188 
3 99 
162 18 
164 4 
199 126 
143 16 
38 127 
104 62 
73 119 
150 16 
128 196 
163 9 
37 133 
180 71 
55 144 
197 90 
28 118 
160 75 
156 8 
56 126 
136 143 
106 33 
51 58 
17 84 
126 194 
189 35 
75 154 
98 43 
104 164 
168 2 
180 42 
32 116 
8 96 
112 180 
27 88 
102 161 
14 82 
185 36 
13 85 
15 88 
44 128 
38 139 
130 34 
70 163 
39 141 
176 13 
138 50 
94 40 
50 59 
140 197 
171 47 
8 86 
199 161 
108 188 
5 104 
97 175 
174 13 
57 156 
117 185 
27 117 
30 69 
114 173 
116 178 
129 194 
80 171 
61 53 
145 41 
50 63 
93 160 
89 53 
49 144 
134 53 
84 44 
113 55 
66 51 
53 64 
180 160 
32 138 
199 199 
4 96 
114 163 
179 0 
28 126 
112 168 
101 162 
123 188 
90 159 
125 27 
30 69 
21 111 
133 24 
128 156 
13 115 
143 41 
3 106 
45 108 
102 171 
97 39 
68 165 
31 135 
112 184 
84 157 
64 142 
30 103 
120 184 
79 48 
174 10 
5 106 
5 92 
29 84 
81 168 
86 174 
168 71 
146 14 
92 161 
146 35 
175 66 
171 1 
11 84 
191 57 
73 166 
76 47 
19 104 
73 154 
88 64 
107 70 
34 129 
145 72 
86 85 
176 6 
192 68 
134 72 
120 186 
164 43 
42 119 
122 195 
132 27 
178 22 
162 5 
43 129 
145 15 
75 167 
181 10 
80 168 
7 90 
95 39 
95 49 
109 184 
142 16 
83 154 
140 42 
115 188 
168 15 
159 11 
77 153 
111 125 
189 35 
103 186 
119 173 
170 15 
177 52 
167 43 
115 145 
138 22 
1 95 
75 138 
179 1 
95 165 
34 141 
22 81 
68 122 
162 20 
116 189 
193 61 
8 98 
143 198 
193 67 
39 124 
155 12 
75 107 
120 190 
171 6 
123 61 
118 183 
128 26 
90 173 
174 0 
190 39 
170 71 
55 56 
162 18 
84 45 
28 132 
88 155 
146 57 
186 64 
93 128 
10 110 
43 127 
59 149 
197 179 
47 96 
157 53 
135 198 
107 185 
29 107 
175 0 
7 94 
105 187 
177 18 
111 183 
191 61 
49 59 
26 122 
12 84 
84 156 
78 151 
175 11 
66 151 
136 199 
143 16 
40 131 
198 177 
67 151 
80 142 
151 30 
187 30 
37 116 
77 150 
185 166 
156 14 
146 199 
172 66 
173 35 
91 50 
33 130 
16 104 
138 21 
83 163 
177 3 
9 87 
152 28 
120 185 
192 55 
137 166 
63 151 
168 2 
162 5 
30 135 
149 12 
145 14 
103 179 
152 15 
121 177 
54 146 
95 62 
114 190 
19 118 
137 199 
181 60 
189 52 
164 4 
162 129 
90 104 
54 61 
133 29 
81 49 
158 12 
173 3 
86 134 
153 21 
199 173 
36 137 
87 101 
195 75 
53 126 
37 139 
110 173 
163 4 
2 107 
162 15 
68 103 
199 141 
140 118 
189 50 
138 46 
38 139 
29 106 
77 167 
37 132 
143 198 
80 168 
41 110 
82 156 
49 129 
45 74 
107 167 
129 196 
28 97 
107 169 
141 197 
105 172 
22 110 
187 35 
199 199 
171 1 
183 33 
198 182 
14 91 
102 186 
116 181 
39 102 
134 23 
83 156 
140 19 
196 82 
152 35 
175 3 
134 197 
182 88 
84 102 
80 163 
166 14 
20 82 
22 124 
142 34 
199 199 
140 199 
60 120 
1 93 
57 152 
172 52 
12 87 
197 74 
4 101 
188 45 
146 13 
47 136 
100 176 
50 121 
60 53 
95 161 
182 23 
45 134 
149 12 
129 193 
45 126 
36 135 
142 38 
184 26 
36 138 
16 81 
102 162 
101 104 
186 45 
64 153 
24 104 
168 49 
46 65 
107 71 
157 20 
122 194 
76 47 
26 126 
60 156 
167 15 
178 7 
11 89 
186 44 
74 166 
8 117 
148 199 
68 123 
195 77 
27 75 
187 67 
0 100 
41 142 
127 158 
183 28 
44 121 
9 106 
38 64 
111 177 
193 171 
61 132 
79 62 
151 32 
181 68 
28 124 
172 4 
175 0 
129 42 
91 169 
96 90 
62 157 
130 153 
26 129 
143 47 
57 110 
123 190 
11 92 
45 128 
24 77 
101 161 
142 17 
137 78 
151 33 
53 107 
67 147 
15 112 
65 149 
4 114 
82 153 
140 169 
139 79 
194 65 
170 4 
177 5 
142 31 
152 21 
58 153 
151 19 
74 168 
152 199 
164 19 
92 156 
101 183 
134 81 
92 41 
70 146 
182 5 
20 95 
98 160 
130 164 
159 8 
194 79 
151 40 
50 123 
35 136 
196 172 
98 128 
152 84 
172 3 
100 164 
63 99 
106 181 
177 158 
21 76 
9 89 
186 147 
171 1 
79 45 
22 93 
49 142 
154 41 
165 18 
144 15 
173 11 
128 196 
118 29 
138 20 
98 175 
144 15 
23 126 
143 35 
161 11 
100 184 
72 58 
109 170 
199 168 
22 80 
11 87 
68 157 
115 151 
105 182 
27 104 
61 61 
83 145 
158 8 
164 6 
162 5 
191 165 
124 157 
86 167 
169 66 
118 189 
76 97 
63 158 
117 30 
135 174 
179 41 
156 73 
136 21 
16 81 
66 117 
108 178 
113 182 
42 140 
166 43 
42 118 
142 75 
17 79 
172 1 
124 187 
28 124 
175 68 
149 69 
186 36 
6 111 
58 143 
60 62 
4 96 
29 133 
11 91 
128 47 
19 89 
149 16 
47 148 
43 81 
103 180 
79 150 
53 130 
111 90 
40 127 
159 18 
101 42 
105 132 
60 147 
11 85 
59 116 
195 172 
6 115 
153 10 
190 56 
130 155 
199 199 
83 167 
125 194 
8 87 
110 179 
140 29 
21 78 
48 69 
120 173 
18 80 
7 88 
135 22 
121 137 
155 8 
45 63 
150 27 
110 32 
198 98 
24 128 
54 103 
26 102 
137 196 
111 190 
197 87 
190 34 
95 157 
198 179 
99 107 
174 51 
22 125 
6 115 
81 158 
144 25 
37 126 
97 162 
86 42 
192 152 
157 8 
175 0 
51 136 
47 133 
52 141 
11 96 
92 178 
167 3 
158 29 
71 155 
53 119 
93 159 
178 160 
112 31 
189 42 
125 27 
96 165 
65 66 
190 43 
143 198 
65 137 
87 161 
179 2 
27 71 
2 92 
164 22 
119 191 
40 68 
180 33 
98 162 
162 17 
154 27 
65 51 
41 64 
128 143 
160 67 
169 3 
104 54 
60 154 
24 112 
181 126 
141 49 
30 92 
186 46 
48 63 
182 53 
146 199 
9 88 
76 47 
195 112 
118 160 
82 155 
54 143 
40 105 
119 184 
81 112 
93 166 
18 88 
126 195 
6 112 
96 166 
123 194 
186 59 
23 121 
31 73 
137 47 
84 165 
153 199 
17 121 
88 170 
70 148 
101 168 
124 172 
42 79 
8 115 
44 138 
102 179 
177 53 
0 105 
45 125 
160 6 
87 49 
75 146 
114 182 
163 18 
48 134 
109 180 
101 41 
79 155 
118 192 
75 76 
66 163 
82 45 
112 181 
78 147 
115 31 
199 194 
154 36 
133 194 
101 36 
126 188 
138 32 
158 30 
46 64 
173 147 
33 129 
172 1 
128 83 
56 109 
139 98 
152 53 
10 104 
38 129 
127 188 
180 23 
149 38 
37 139 
82 45 
109 79 
198 195 
197 79 
158 78 
35 67 
99 176 
68 146 
79 169 
132 23 
25 126 
119 182 
14 85 
101 185 
181 2 
157 199 
135 62 
192 51 
131 25 
156 10 
116 30 
119 191 
44 144 
166 3 
67 164 
54 133 
44 97 
35 135 
67 109 
30 72 
56 141 
101 170 
20 93 
36 72 
138 195 
177 53 
63 161 
151 31 
35 66 
156 199 
88 158 
115 85 
69 163 
177 66 
36 121 
151 146 
113 181 
145 14 
122 175 
170 2 
37 131 
123 192 
160 51 
185 73 
183 35 
18 96 
197 177 
113 185 
83 115 
74 52 
126 194 
163 11 
3 105 
113 32 
43 131 
182 39 
142 17 
153 10 
72 166 
85 151 
78 52 
182 17 
112 186 
13 111 
177 1 
52 146 
3 90 
172 65 
84 130 
18 121 
48 60 
131 195 
73 168 
182 69 
120 192 
165 46 
9 86 
32 136 
71 100 
141 21 
197 179 
113 184 
134 143 
164 16 
68 143 
11 85 
52 58 
135 28 
57 87 
16 98 
42 63 
91 64 
62 149 
51 142 
108 32 
100 79 
107 180 
68 120 
175 1 
65 162 
9 117 
199 181 
181 37 
111 190 
58 60 
136 29 
111 180 
82 151 
62 119 
166 34 
7 101 
120 171 
61 131 
22 96 
77 102 
127 192 
157 8 
48 91 
101 170 
11 89 
7 116 
177 20 
86 153 
72 105 
152 199 
195 99 
189 61 
108 181 
132 161 
125 189 
106 180 
196 75 
122 187 
84 43 
188 30 
18 117 
46 149 
23 75 
67 51 
101 167 
51 60 
88 156 
198 103 
9 112 
68 163 
66 76 
87 99 
8 94 
169 51 
195 174 
115 183 
76 150 
106 118 
153 22 
40 131 
193 173 
151 11 
43 64 
61 135 
25 105 
101 88 
12 89 
82 147 
130 47 
27 126 
52 133 
31 129 
105 173 
97 177 
149 14 
49 141 
20 125 
4 110 
181 124 
89 41 
113 187 
127 188 
10 102 
125 187 
41 145 
142 45 
113 171 
85 155 
166 40 
2 110 
131 24 
60 145 
150 26 
107 186 
156 21 
158 39 
175 44 
190 45 
14 83 
55 110 
59 150 
17 79 
97 161 
35 114 
173 69 
152 53 
72 108 
34 124 
168 80 
123 192 
186 44 
83 79 
90 177 
101 81 
128 26 
69 145 
100 173 
30 98 
90 72 
179 32 
159 10 
97 87 
168 3 
81 156 
124 185 
194 68 
199 184 
98 162 
107 189 
101 178 
50 58 
137 30 
57 152 
134 22 
108 183 
99 168 
13 113 
150 11 
92 40 
190 40 
67 100 
69 139 
47 106 
124 177 
164 8 
153 20 
18 79 
78 148 
144 197 
66 151 
114 174 
133 23 
7 115 
93 50 
80 77 
134 23 
93 113 
106 180 
77 108 
31 68 
152 35 
3 91 
12 86 
31 127 
199 199 
199 103 
141 39 
43 74 
198 176 
197 79 
133 196 
111 190 
133 23 
9 102 
4 113 
77 147 
73 167 
3 112 
176 49 
45 80 
3 95 
2 99 
184 24 
163 6 
34 131 
93 100 
52 60 
114 31 
14 86 
86 44 
54 56 
55 147 
62 110 
101 74 
109 122 
75 152 
141 199 
16 93 
199 199 
76 149 
86 156 
199 199 
98 161 
149 20 
182 88 
62 142 
26 128 
51 64 
52 139 
37 136 
48 127 
82 171 
70 155 
96 38 
90 175 
120 193 
171 7 
162 5 
188 34 
176 3 
101 185 
142 43 
157 16 
119 45 
37 104 
175 0 
145 15 
192 87 
65 129 
59 99 
20 77 
130 194 
49 130 
165 70 
185 40 
134 23 
187 29 
116 184 
41 134 
2 93 
147 100 
155 23 
126 189 
13 85 
48 102 
113 31 
175 65 
148 25 
78 164 
176 67 
179 25 
150 22 
58 129 
85 149 
75 142 
168 14 
175 1 
199 146 
145 49 
106 60 
34 78 
56 55 
97 181 
51 59 
188 32 
67 148 
63 136 
33 76 
66 59 
186 36 
10 113 
89 168 
136 198 
199 199 
110 140 
175 0 
169 66 
2 103 
89 74 
88 110 
191 46 
179 2 
104 34 
113 182 
85 43 
58 116 
44 119 
138 91 
138 195 
1 96 
46 144 
164 4 
140 143 
107 174 
186 31 
199 181 
57 153 
179 66 
54 131 
76 167 
129 148 
127 186 
135 36 
147 13 
96 40 
199 199 
123 192 
182 55 
21 122 
62 160 
184 23 
33 124 
159 181 
41 142 
57 141 
127 195 
0 101 
172 133 
4 98 
185 33 
13 118 
2 93 
116 179 
45 135 
193 64 
149 42 
186 26 
108 75 
168 6 
166 3 
39 134 
59 53 
23 82 
161 8 
135 22 
118 192 
120 179 
2 105 
145 14 
74 127 
92 177 
127 48 
43 146 
1 111 
161 63 
144 36 
7 94 
53 56 
183 51 
70 57 
52 61 
154 149 
119 193 
97 182 
89 164 
199 199 
133 148 
167 199 
88 160 
1 107 
63 152 
128 196 
74 48 
159 13 
52 57 
136 38 
1 98 
73 65 
166 3 
62 151 
179 54 
15 80 
115 30 
182 81 
168 69 
75 149 
10 87 
60 53 
158 10 
174 0 
162 5 
31 128 
7 97 
88 43 
123 179 
26 126 
14 94 
176 52 
199 148 
197 175 
125 186 
126 188 
160 16 
53 152 
15 92 
116 30 
110 94 
111 184 
147 15 
134 38 
104 166 
109 186 
159 7 
77 49 
46 64 
8 117 
74 57 
1 95 
73 165 
76 48 
52 109 
4 103 
33 138 
163 5 
195 77 
156 15 
180 1 
188 67 
137 21 
23 125 
138 196 
171 7 
51 133 
107 170 
43 117 
154 51 
20 77 
169 138 
199 199 
46 70 
189 138 
61 129 
155 9 
95 162 
161 36 
117 30 
187 25 
195 74 
106 123 
92 95 
36 129 
174 5 
50 110 
0 103 
69 165 
105 39 
75 120 
141 199 
43 128 
19 91 
157 40 
179 124 
143 16 
132 190 
58 65 
35 132 
18 79 
109 174 
78 46 
52 131 
151 18 
122 28 
37 140 
86 113 
0 99 
182 25 
191 155 
78 142 
188 34 
30 128 
136 194 
117 187 
5 113 
7 93 
193 59 
155 29 
118 191 
1 97 
75 105 
71 146 
46 122 
179 14 
109 33 
29 128 
24 85 
172 22 
28 130 
38 116 
47 111 
96 180 
164 5 
190 60 
84 44 
17 93 
118 184 
15 113 
83 172 
148 20 
130 196 
64 153 
89 46 
110 32 
38 124 
199 161 
131 197 
172 1 
159 50 
15 88 
103 164 
130 24 
66 50 
153 10 
171 38 
189 59 
125 27 
37 140 
85 172 
196 83 
167 10 
176 59 
111 181 
22 119 
115 30 
79 169 
145 26 
52 123 
17 80 
41 63 
134 193 
38 134 
63 78 
19 78 
142 16 
163 19 
181 12 
85 148 
22 115 
114 188 
115 182 
178 34 
127 48 
162 199 
131 25 
136 40 
194 78 
100 159 
132 199 
87 160 
112 31 
74 138 
150 71 
124 28 
96 41 
199 162 
187 60 
186 25 
177 63 
160 6 
78 150 
194 73 
64 56 
152 61 
53 67 
191 48 
50 151 
124 178 
151 15 
57 143 
69 154 
3 108 
66 121 
148 199 
53 131 
129 193 
98 179 
37 110 
26 83 
101 35 
127 56 
52 82 
97 121 
139 20 
11 84 
67 144 
194 157 
158 7 
119 191 
54 60 
171 1 
87 42 
122 78 
137 21 
178 34 
180 5 
90 61 
143 46 
100 177 
29 120 
121 194 
3 97 
8 89 
196 70 
83 155 
155 10 
28 127 
37 66 
0 107 
46 146 
189 59 
147 97 
80 147 
56 138 
137 21 
17 115 
196 116 
151 83 
42 122 
170 43 
3 107 
154 32 
133 194 
52 57 
174 52 
62 156 
79 46 
145 14 
57 131 
151 199 
72 165 
199 165 
173 1 
147 199 
5 90 
29 102 
164 15 
185 28 
103 162 
97 181 
82 157 
46 130 
13 87 
137 199 
98 170 
28 100 
184 34 
198 118 
76 47 
190 38 
13 97 
193 62 
178 0 
85 171 
155 8 
110 178 
160 48 
87 42 
111 189 
157 8 
165 6 
158 199 
27 130 
45 62 
141 143 
115 184 
170 2 
181 35 
2 108 
110 186 
120 185 
101 36 
161 135 
71 152 
186 23 
93 112 
148 199 
123 193 
27 86 
194 73 
94 161 
161 6 
144 15 
73 48 
69 49 
50 123 
173 61 
63 139 
114 30 
121 182 
106 168 
89 47 
21 87 
32 118 
180 68 
49 135 
17 87 
123 188 
160 6 
41 66 
112 190 
133 71 
17 79 
183 18 
121 184 
127 49 
73 139 
23 83 
110 185 
74 146 
196 175 
196 97 
167 78 
108 183 
17 80 
89 111 
91 161 
144 16 
63 157 
6 95 
1 103 
74 118 
161 6 
148 18 
139 196 
193 171 
199 199 
38 79 
104 35 
192 170 
199 167 
12 93 
84 161 
36 139 
16 111 
51 60 
165 19 
171 151 
104 184 
4 92 
109 61 
147 27 
169 26 
136 28 
82 159 
65 51 
141 75 
171 1 
102 177 
18 87 
150 37 
7 87 
17 98 
152 10 
178 30 
31 106 
192 147 
170 4 
49 134 
140 198 
131 25 
177 2 
97 163 
103 173 
0 98 
110 75 
155 48 
11 86 
197 130 
9 110 
38 137 
173 10 
26 72 
192 56 
180 52 
180 52 
158 37 
29 119 
39 142 
118 65 
22 98 
170 6 
28 78 
74 167 
19 82 
2 93 
55 141 
151 11 
165 4 
75 166 
19 78 
123 193 
135 22 
45 63 
79 153 
87 42 
7 116 
145 24 
139 19 
50 129 
180 40 
147 33 
199 185 
199 198 
155 69 
81 44 
138 172 
161 30 
55 153 
34 67 
117 168 
38 102 
59 53 
50 59 
157 9 
194 69 
18 98 
131 27 
33 124 
10 85 
84 174 
64 133 
199 199 
185 30 
199 199 
191 60 
29 122 
110 176 
51 142 
57 147 
81 152 
113 192 
63 151 
156 25 
171 33 
43 63 
153 20 
5 95 
148 32 
6 110 
18 109 
103 178 
42 144 
106 176 
45 68 
172 87 
21 100 
46 72 
36 135 
144 44 
28 112 
14 84 
61 151 
136 22 
42 62 
37 69 
198 173 
103 40 
134 22 
115 183 
141 196 
92 178 
131 196 
68 150 
162 6 
0 106 
49 142 
44 141 
138 109 
187 58 
170 158 
130 196 
44 137 
189 169 
100 165 
127 187 
70 62 
106 182 
71 145 
43 62 
165 26 
61 149 
180 44 
15 119 
27 109 
140 197 
20 83 
116 191 
123 178 
64 132 
146 78 
26 76 
46 144 
117 188 
189 29 
151 10 
50 59 
81 119 
174 18 
109 33 
87 75 
7 105 
146 25 
90 112 
196 87 
161 199 
139 19 
26 126 
147 15 
184 143 
63 57 
52 63 
1 98 
80 157 
40 125 
112 31 
144 199 
163 6 
30 129 
109 37 
65 153 
163 10 
5 90 
15 83 
126 189 
56 56 
82 170 
81 82 
109 181 
24 119 
47 138 
76 105 
27 89 
20 90 
86 155 
176 0 
55 77 
174 79 
141 199 
155 24 
28 128 
87 155 
34 77 
112 61 
145 70 
83 172 
36 66 
91 158 
123 184 
92 157 
37 84 
136 27 
76 158 
43 69 
130 80 
195 79 
34 127 
20 119 
87 42 
175 72 
124 189 
22 113 
98 164 
79 168 
26 74 
163 17 
15 81 
34 138 
11 111 
137 22 
14 82 
13 115 
43 129 
157 9 
4 113 
163 5 
87 54 
155 10 
46 125 
26 105 
61 58 
33 69 
59 145 
69 132 
170 27 
96 89 
39 140 
52 56 
31 70 
16 122 
114 186 
133 32 
40 115 
99 171 
25 115 
186 33 
18 79 
45 106 
117 30 
70 115 
102 51 
96 42 
25 109 
120 29 
30 130 
34 128 
136 199 
40 138 
73 51 
128 187 
96 112 
177 9 
133 23 
84 94 
89 100 
143 197 
38 121 
14 83 
144 199 
125 195 
198 185 
183 26 
42 121 
15 114 
20 78 
175 40 
47 79 
90 162 
96 49 
176 19 
14 95 
172 0 
46 62 
75 101 
43 140 
132 45 
52 100 
78 111 
28 116 
146 199 
130 24 
123 71 
187 56 
68 49 
193 77 
26 124 
152 13 
126 27 
86 174 
147 39 
150 28 
79 113 
103 182 
196 71 
44 142 
69 162 
181 41 
122 188 
2 95 
70 134 
157 7 
135 22 
1 106 
78 168 
21 123 
117 164 
62 123 
198 175 
144 174 
186 25 
41 131 
97 159 
180 11 
129 25 
98 109 
6 90 
86 60 
122 172 
103 161 
91 164 
165 4 
16 82 
78 149 
163 5 
11 103 
148 33 
47 85 
77 59 
108 177 
38 67 
64 161 
194 65 
35 70 
96 181 
116 193 
69 95 
47 128 
76 88 
58 157 
166 51 
165 148 
199 143 
132 24 
67 164 
52 58 
164 6 
128 195 
105 180 
166 55 
131 32 
100 116 
125 165 
126 81 
144 198 
12 87 
76 167 
143 16 
85 173 
57 54 
84 171 
42 94 
117 174 
10 90 
71 135 
198 177 
122 192 
6 91 
108 153 
122 181 
51 58 
148 12 
118 191 
103 179 
149 11 
146 14 
147 34 
136 22 
161 50 
106 170 
181 54 
54 56 
95 167 
96 175 
155 199 
99 37 
136 35 
34 140 
115 30 
44 144 
95 171 
29 105 
87 156 
128 71 
196 172 
199 199 
79 108 
142 16 
77 169 
96 38 
132 197 
131 24 
146 15 
40 65 
169 2 
1 108 
85 51 
73 49 
87 168 
31 133 
108 35 
124 36 
99 175 
8 88 
73 146 
51 149 
136 197 
139 77 
116 192 
183 39 
7 96 
93 165 
183 47 
56 65 
84 170 
139 19 
194 71 
88 176 
156 68 
190 76 
172 1 
82 44 
44 78 
173 31 
181 16 
44 129 
150 30 
90 156 
135 196 
133 191 
62 139 
31 79 
197 75 
68 160 
64 141 
199 161 
183 33 
166 32 
26 86 
138 197 
44 62 
49 66 
163 38 
125 191 
116 180 
12 83 
199 199 
29 121 
136 198 
99 38 
93 83 
143 17 
178 3 
12 83 
147 14 
121 76 
38 140 
124 193 
177 0 
30 95 
194 65 
81 73 
104 37 
181 3 
130 198 
191 54 
190 39 
131 189 
128 37 
22 96 
131 191 
130 121 
183 70 
116 192 
67 87 
184 26 
5 114 
150 73 
3 101 
39 66 
177 66 
140 19 
180 57 
54 60 
80 157 
12 85 
132 54 
172 21 
136 194 
148 14 
101 177 
27 72 
192 63 
108 160 
125 27 
174 32 
195 76 
0 105 
38 129 
16 96 
45 65 
20 85 
178 47 
9 111 
30 125 
183 70 
156 9 
64 92 
49 139 
9 114 
75 151 
39 78 
57 65 
41 137 
199 99 
79 109 
171 13 
161 6 
135 79 
60 67 
25 89 
64 145 
78 47 
99 53 
143 199 
91 157 
54 57 
176 160 
152 49 
17 93 
188 44 
72 52 
185 42 
40 128 
110 187 
69 110 
50 152 
22 83 
199 141 
47 125 
148 12 
93 96 
91 71 
43 110 
159 149 
4 91 
24 124 
109 166 
166 3 
23 105 
199 199 
195 82 
126 187 
65 141 
168 18 
181 163 
45 119 
128 188 
113 177 
158 7 
150 24 
122 193 
8 104 
197 89 
35 82 
79 105 
111 127 
45 78 
76 109 
182 31 
54 63 
117 30 
184 37 
199 199 
129 195 
89 103 
22 89 
168 2 
183 4 
121 29 
49 64 
125 187 
122 193 
11 107 
181 18 
154 20 
2 109 
66 104 
150 34 
6 107 
2 95 
58 124 
167 42 
168 19 
60 52 
160 8 
50 142 
192 59 
199 199 
24 126 
104 171 
115 183 
113 191 
44 65 
124 194 
42 97 
16 97 
97 37 
91 92 
165 30 
99 159 
78 150 
108 161 
16 101 
116 73 
46 137 
28 73 
100 84 
82 170 
33 68 
137 42 
141 197 
106 33 
124 195 
14 109 
48 59 
68 135 
92 44 
48 106 
163 19 
163 6 
163 199 
198 122 
24 74 
141 17 
32 131 
95 176 
6 105 
132 196 
123 28 
100 41 
29 124 
53 150 
21 113 
175 0 
125 188 
72 139 
95 45 
82 172 
65 58 
183 3 
152 43 
18 97 
111 185 
83 173 
138 20 
91 41 
127 27 
117 188 
13 113 
141 199 
149 12 
105 166 
25 124 
80 162 
67 144 
180 128 
73 86 
20 101 
86 175 
123 28 
81 169 
164 148 
163 4 
117 190 
146 199 
108 184 
199 199 
62 103 
83 95 
109 179 
133 79 
199 104 
112 189 
78 171 
180 70 
57 151 
105 178 
134 198 
94 106 
88 99 
40 69 
169 15 
48 65 
157 28 
129 123 
178 43 
92 41 
142 80 
144 26 
30 117 
53 146 
94 48 
125 27 
58 147 
32 101 
199 199 
93 40 
97 175 
94 158 
199 186 
96 161 
122 191 
23 114 
76 54 
155 12 
105 169 
11 118 
184 35 
126 193 
39 97 
196 176 
193 64 
61 56 
59 127 
63 158 
149 33 
63 148 
47 60 
46 142 
82 50 
124 186 
142 197 
164 4 
87 155 
68 163 
179 3 
54 142 
49 65 
158 62 
164 76 
35 101 
23 115 
112 32 
49 146 
195 71 
59 134 
189 166 
73 107 
0 97 
113 178 
65 51 
82 149 
21 76 
84 110 
191 54 
27 71 
73 110 
100 36 
97 38 
30 94 
160 7 
160 21 
62 57 
170 2 
186 70 
59 54 
140 198 
95 156 
169 67 
133 65 
111 188 
172 1 
63 133 
18 107 
71 154 
177 2 
5 105 
7 100 
134 193 
0 107 
17 80 
61 138 
158 38 
66 145 
27 133 
35 125 
99 182 
99 183 
123 187 
52 142 
47 130 
157 9 
161 148 
135 193 
119 192 
126 195 
35 66 
112 187 
193 70 
143 199 
192 62 
50 120 
42 140 
65 55 
197 75 
51 130 
72 101 
77 156 
162 32 
86 174 
26 125 
85 158 
48 129 
199 197 
196 85 
24 88 
60 155 
80 45 
199 183 
126 186 
194 64 
66 113 
158 7 
119 29 
41 136 
192 55 
183 6 
77 163 
57 62 
68 110 
165 17 
7 88 
192 152 
164 13 
107 172 
15 115 
146 199 
72 157 
118 173 
104 173 
179 84 
48 130 
136 84 
181 9 
156 11 
105 183 
28 74 
59 140 
10 93 
116 172 
60 140 
54 88 
139 199 
66 52 
63 138 
9 88 
156 42 
180 9 
65 143 
75 57 
10 109 
12 115 
113 185 
162 20 
75 147 
105 179 
90 160 
173 53 
54 150 
152 199 
187 53 
84 122 
132 191 
97 38 
155 10 
197 73 
153 36 
154 10 
189 45 
47 127 
143 38 
77 157 
182 73 
199 174 
32 124 
12 106 
149 21 
60 135 
64 107 
199 98 
110 32 
182 55 
199 130 
100 178 
174 38 
91 158 
41 145 
195 72 
57 148 
41 65 
178 4 
32 68 
117 44 
147 199 
30 112 
9 87 
81 167 
24 74 
96 38 
165 14 
68 162 
29 101 
144 16 
188 54 
169 2 
9 89 
98 183 
59 103 
17 97 
26 82 
155 13 
74 123 
26 81 
11 102 
56 102 
147 13 
59 156 
154 9 
56 83 
36 66 
88 175 
184 52 
198 123 
184 57 
120 175 
77 103 
106 86 
42 143 
35 138 
184 45 
75 153 
33 73 
21 83 
190 34 
94 164 
42 64 
199 135 
51 131 
15 86 
53 68 
75 103 
184 74 
57 135 
174 14 
184 41 
36 126 
148 199 
105 36 
140 25 
103 112 
17 84 
36 131 
33 71 
195 70 
54 140 
88 176 
125 191 
107 176 
70 49 
14 115 
135 177 
143 170 
58 103 
6 100 
117 174 
54 113 
199 199 
14 101 
102 185 
115 181 
18 115 
65 147 
53 149 
163 43 
170 15 
50 65 
39 141 
48 66 
185 21 
110 33 
126 179 
57 136 
33 69 
176 7 
55 134 
100 96 
51 105 
71 48 
62 133 
184 48 
8 101 
57 64 
85 154 
196 90 
78 47 
136 22 
199 199 
143 199 
20 111 
58 148 
51 126 
3 109 
153 36 
96 160 
91 96 
175 53 
0 104 
99 83 
159 21 
139 19 
160 26 
9 117 
118 31 
9 117 
148 18 
48 117 
164 144 
23 118 
22 121 
83 160 
17 97 
199 199 
54 130 
105 126 
92 169 
95 116 
96 45 
184 26 
19 122 
77 165 
141 36 
39 135 
24 121 
128 80 
159 6 
32 120 
101 185 
12 86 
142 50 
154 54 
157 199 
125 153 
87 109 
178 130 
199 167 
59 152 
199 147 
47 142 
67 132 
51 72 
165 18 
195 72 
130 72 
199 109 
188 45 
176 0 
61 104 
73 167 
185 33 
19 80 
189 52 
157 50 
45 142 
2 103 
36 94 
72 165 
97 153 
25 107 
160 7 
10 88 
106 71 
142 197 
84 126 
50 83 
26 79 
101 185 
156 58 
198 91 
52 127 
12 86 
176 0 
94 179 
105 163 
156 12 
5 90 
192 59 
193 73 
60 131 
50 129 
118 194 
82 127 
128 197 
81 147 
152 10 
63 146 
31 121 
192 51 
106 182 
116 192 
80 155 
176 68 
179 68 
150 76 
143 88 
181 68 
132 26 
199 121 
129 196 
8 93 
114 58 
24 75 
24 99 
69 165 
69 165 
141 47 
96 174 
125 27 
104 34 
173 0 
63 86 
20 120 
26 110 
79 154 
34 122 
198 102 
91 177 
4 97 
199 151 
74 96 
27 125 
4 102 
196 76 
168 16 
121 29 
125 60 
108 178 
72 160 
16 97 
189 50 
80 151 
186 63 
134 23 
114 185 
34 129 
88 43 
110 180 
73 154 
106 169 
96 91 
199 199 
190 60 
33 131 
43 125 
39 136 
116 186 
34 134 
172 67 
40 64 
100 176 
124 28 
22 80 
25 100 
193 58 
64 138 
114 188 
183 68 
152 10 
185 57 
99 160 
139 199 
26 119 
53 132 
139 36 
113 31 
106 143 
194 64 
85 159 
194 69 
59 54 
122 49 
199 168 
98 183 
145 72 
57 149 
139 19 
41 78 
192 63 
63 56 
70 163 
102 166 
136 194 
40 74 
138 29 
11 86 
159 7 
8 86 
199 183 
24 119 
159 6 
26 123 
140 199 
89 162 
0 96 
139 33 
18 111 
160 14 
34 102 
40 114 
129 27 
113 137 
104 164 
95 181 
107 97 
104 184 
20 120 
156 37 
47 129 
195 173 
16 91 
4 91 
99 178 
172 2 
38 143 
119 190 
62 157 
127 192 
169 154 
128 48 
64 145 
78 170 
21 82 
51 137 
169 65 
179 127 
22 86 
51 64 
78 168 
21 118 
26 113 
199 180 
193 61 
43 111 
129 193 
19 119 
92 42 
112 31 
154 81 
100 164 
199 150 
40 65 
2 98 
167 73 
52 57 
136 172 
92 163 
199 199 
173 0 
70 136 
59 53 
36 134 
149 12 
29 70 
147 199 
173 39 
58 145 
20 77 
117 187 
22 111 
167 17 
2 92 
161 72 
66 163 
6 88 
45 87 
59 142 
96 39 
90 158 
114 186 
49 139 
106 177 
121 195 
86 97 
66 52 
83 108 
154 9 
109 184 
4 91 
128 161 
53 145 
117 185 
131 198 
72 137 
24 78 
197 76 
55 144 
49 150 
124 194 
171 7 
119 190 
27 107 
132 194 
87 156 
40 138 
139 41 
119 189 
112 187 
147 13 
97 86 
178 148 
34 116 
0 99 
146 168 
195 76 
5 114 
93 172 
179 65 
67 160 
193 59 
44 141 
46 67 
62 140 
163 4 
49 62 
90 172 
40 123 
151 25 
31 126 
53 61 
160 167 
6 93 
75 48 
176 42 
34 73 
81 45 
117 59 
61 152 
43 70 
5 90 
112 137 
153 19 
111 56 
84 105 
37 118 
169 2 
101 162 
35 66 
93 158 
176 9 
129 197 
133 199 
73 81 
33 67 
154 37 
25 122 
27 111 
102 38 
160 73 
93 162 
18 116 
40 66 
134 22 
31 119 
183 56 
62 52 
38 142 
117 182 
16 88 
180 46 
40 119 
130 173 
180 66 
182 34 
140 169 
159 23 
7 111 
199 110 
101 171 
115 164 
182 42 
169 68 
18 93 
100 45 
108 179 
80 170 
137 195 
56 132 
77 50 
79 127 
199 182 
161 16 
94 96 
58 61 
139 196 
165 13 
51 146 
153 25 
148 20 
148 74 
100 138 
182 50 
47 138 
158 19 
35 119 
55 150 
72 139 
199 199 
0 96 
134 22 
46 149 
81 45 
182 13 
119 183 
45 143 
134 25 
146 199 
45 140 
199 199 
109 187 
90 156 
121 83 
14 89 
47 72 
99 37 
195 105 
9 87 
85 166 
68 152 
146 14 
40 122 
82 170 
166 12 
59 143 
189 54 
189 36 
130 190 
198 107 
167 82 
114 187 
19 106 
12 119 
135 23 
10 87 
142 18 
177 56 
161 20 
0 106 
78 163 
98 168 
144 37 
199 173 
33 98 
134 23 
41 140 
191 57 
78 100 
73 103 
102 158 
18 85 
172 26 
150 17 
138 199 
43 116 
72 146 
16 86 
102 163 
56 146 
107 176 
145 33 
169 13 
199 97 
74 55 
2 102 
5 99 
116 180 
181 24 
112 31 
85 157 
96 40 
66 63 
118 193 
140 71 
170 16 
138 80 
74 144 
56 55 
157 7 
58 85 
129 188 
174 0 
189 30 
115 191 
74 77 
198 107 
25 77 
80 168 
102 179 
122 29 
196 77 
143 27 
77 152 
19 80 
174 73 
91 40 
91 178 
3 93 
100 179 
133 196 
71 151 
66 163 
113 189 
98 165 
10 117 
108 179 
173 12 
173 4 
152 37 
99 120 
71 102 
124 191 
184 27 
6 96 
14 92 
175 45 
21 91 
94 180 
19 78 
95 50 
168 7 
60 134 
198 181 
114 186 
152 34 
33 138 
181 199 
191 51 
50 127 
183 57 
102 180 
64 158 
8 93 
36 80 
94 176 
176 158 
50 147 
170 44 
65 159 
142 198 
64 146 
43 130 
83 171 
167 4 
113 31 
75 168 
60 139 
140 50 
156 63 
153 14 
138 21 
91 49 
52 57 
187 37 
133 23 
127 27 
185 29 
36 111 
185 24 
81 150 
55 136 
52 148 
28 123 
182 55 
60 53 
148 96 
149 18 
90 156 
100 159 
198 180 
187 44 
130 169 
21 120 
99 113 
42 136 
197 182 
53 58 
111 178 
130 151 
142 199 
112 31 
170 1 
11 106 
87 157 
44 73 
25 114 
196 176 
13 106 
21 94 
114 188 
152 33 
120 192 
199 199 
162 52 
161 43 
53 152 
94 39 
165 39 
199 199 
3 113 
134 199 
16 80 
19 91 
39 132 
165 82 
67 161 
169 152 
35 139 
181 55 
130 30 
103 174 
175 26 
70 152 
54 152 
188 28 
82 51 
159 38 
163 68 
120 193 
94 39 
147 20 
27 97 
117 189 
199 139 
113 170 
104 70 
69 164 
72 149 
28 115 
29 114 
175 159 
93 43 
92 178 
3 103 
101 174 
53 69 
11 84 
97 174 
170 4 
65 149 
118 172 
145 21 
153 76 
198 189 
178 1 
162 149 
64 150 
36 139 
4 90 
3 92 
46 108 
162 5 
57 156 
191 54 
169 2 
18 82 
117 192 
165 43 
199 175 
34 121 
31 127 
145 14 
95 42 
110 32 
104 174 
179 66 
100 159 
185 29 
107 38 
100 172 
10 104 
24 117 
174 5 
100 162 
98 176 
40 124 
46 143 
148 19 
161 44 
127 133 
172 17 
141 29 
9 107 
25 75 
154 149 
141 196 
161 13 
150 199 
154 80 
199 99 
10 86 
120 190 
199 199 
117 191 
169 122 
91 46 
9 115 
187 31 
199 187 
12 110 
111 130 
69 164 
103 159 
70 144 
77 160 
77 155 
119 32 
10 101 
138 25 
12 88 
63 52 
60 151 
198 89 
0 101 
177 64 
50 131 
191 54 
24 102 
35 116 
75 111 
46 127 
49 137 
146 199 
105 171 
146 43 
92 40 
159 14 
149 36 
89 160 
18 97 
35 93 
60 127 
87 45 
37 139 
88 114 
184 24 
194 68 
0 95 
42 69 
159 8 
178 18 
31 85 
3 90 
115 83 
17 83 
165 20 
167 38 
156 40 
197 175 
76 48 
147 19 
56 153 
121 183 
151 199 
53 147 
199 158 
4 91 
164 49 
199 134 
1 108 
92 39 
121 53 
169 40 
22 124 
71 53 
118 190 
178 55 
41 140 
68 134 
77 55 
183 53 
111 186 
28 70 
2 96 
170 151 
199 103 
63 132 
160 48 
168 2 
154 14 
97 161 
111 125 
103 132 
18 119 
51 58 
121 179 
72 147 
2 94 
80 155 
100 166 
78 162 
108 183 
175 69 
17 104 
42 120 
107 178 
39 68 
4 90 
129 190 
178 24 
39 118 
33 120 
39 143 
107 180 
28 133 
36 132 
24 76 
66 83 
82 167 
57 101 
60 145 
195 77 
121 187 
105 37 
143 17 
13 102 
120 172 
139 199 
157 7 
199 199 
90 177 
90 115 
126 180 
131 190 
71 165 
121 177 
74 140 
84 155 
195 68 
162 22 
123 194 
161 6 
107 183 
119 125 
189 34 
85 57 
130 25 
122 164 
109 181 
191 146 
46 131 
74 144 
96 178 
103 35 
142 17 
139 199 
199 155 
12 84 
9 99 
193 63 
91 137 
137 139 
15 85 
21 94 
87 160 
138 20 
56 61 
30 133 
116 191 
150 11 
18 79 
99 149 
166 3 
38 134 
102 35 
194 171 
194 62 
80 150 
2 93 
86 175 
12 91 
109 33 
39 98 
27 91 
142 17 
197 83 
196 72 
199 141 
40 137 
199 149 
34 131 
156 43 
102 45 
139 196 
1 94 
144 15 
76 47 
198 180 
160 61 
5 89 
69 148 
69 102 
106 183 
89 142 
112 31 
42 67 
109 182 
25 75 
13 118 
44 111 
196 74 
187 33 
51 131 
3 94 
158 10 
77 113 
118 175 
199 102 
199 168 
192 58 
70 104 
160 10 
43 125 
121 60 
1 105 
91 173 
184 47 
93 42 
69 49 
167 72 
108 32 
171 199 
123 193 
173 68 
199 199 
167 141 
179 67 
102 35 
53 62 
21 118 
169 150 
91 48 
165 42 
52 135 
48 60 
39 138 
131 27 
20 78 
8 92 
182 37 
36 139 
128 196 
5 97 
139 20 
35 136 
187 48 
22 91 
199 164 
94 55 
147 16 
110 190 
20 81 
161 8 
145 31 
15 120 
123 167 
183 24 
4 109 
178 127 
159 20 
168 2 
26 117 
122 184 
149 150 
16 120 
32 108 
31 68 
18 119 
92 40 
122 28 
105 56 
12 105 
8 88 
174 154 
112 181 
70 50 
47 77 
37 135 
34 74 
110 179 
115 30 
123 38 
141 18 
180 31 
158 21 
82 61 
165 4 
32 130 
178 31 
97 116 
37 123 
199 199 
49 129 
28 125 
194 65 
89 72 
15 95 
25 78 
150 15 
119 164 
22 84 
127 113 
140 74 
29 98 
116 178 
16 119 
47 67 
44 135 
23 81 
65 136 
135 40 
74 166 
75 168 
10 112 
173 43 
99 48 
19 99 
170 12 
118 184 
43 63 
178 60 
170 14 
177 162 
82 111 
135 197 
45 104 
13 94 
185 54 
68 77 
165 7 
104 109 
23 98 
148 22 
86 103 
7 114 
23 123 
142 67 
158 7 
40 145 
42 122 
92 174 
32 136 
176 1 
192 58 
155 12 
39 74 
13 96 
67 163 
66 134 
155 9 
153 199 
194 71 
90 158 
45 147 
145 46 
166 41 
97 174 
59 131 
98 37 
168 154 
66 159 
154 18 
47 105 
21 80 
93 47 
48 73 
38 133 
33 128 
194 82 
79 169 
95 181 
60 156 
196 73 
160 17 
3 106 
13 83 
58 146 
197 130 
134 192 
120 180 
102 39 
62 154 
123 186 
65 131 
1 109 
1 109 
25 129 
159 40 
16 103 
170 2 
19 120 
84 92 
135 53 
121 29 
54 143 
186 46 
83 155 
113 187 
135 62 
164 9 
104 181 
170 2 
63 144 
115 190 
135 194 
167 6 
94 52 
175 72 
198 178 
145 144 
70 158 
15 104 
166 11 
138 39 
173 66 
50 62 
196 72 
199 184 
69 78 
83 73 
187 46 
15 94 
124 193 
182 7 
23 121 
8 95 
171 41 
119 189 
12 117 
64 52 
141 17 
153 10 
69 137 
145 16 
5 114 
139 20 
28 70 
151 12 
137 21 
25 125 
178 6 
102 165 
20 96 
191 58 
124 28 
167 19 
81 172 
92 174 
189 57 
11 91 
199 199 
199 177 
93 176 
102 184 
72 152 
100 177 
13 99 
165 43 
68 133 
22 111 
178 125 
71 144 
194 82 
89 157 
162 5 
121 182 
199 164 
152 48 
115 189 
199 199 
120 194 
77 144 
29 132 
69 146 
104 180 
31 114 
11 88 
129 189 
20 99 
161 5 
145 32 
131 172 
58 150 
86 47 
199 199 
83 169 
72 154 
89 155 
32 133 
164 4 
130 25 
16 85 
150 37 
131 190 
171 4 
145 198 
109 167 
95 114 
44 63 
132 107 
115 185 
70 64 
155 19 
41 124 
88 160 
44 126 
42 75 
199 98 
75 168 
158 7 
87 151 
25 116 
11 84 
147 198 
59 67 
131 176 
96 156 
29 117 
182 134 
124 196 
148 34 
173 1 
163 5 
39 133 
46 65 
128 196 
183 46 
88 107 
120 192 
143 199 
56 149 
158 76 
134 23 
41 121 
67 53 
194 64 
147 29 
133 26 
137 198 
61 79 
132 141 
85 112 
194 82 
6 111 
42 142 
139 34 
90 176 
70 166 
198 158 
153 9 
154 10 
77 169 
76 144 
145 29 
174 2 
128 27 
64 52 
156 151 
36 77 
169 2 
120 188 
17 100 
144 39 
178 4 
148 24 
188 26 
190 57 
199 195 
153 73 
53 127 
25 89 
118 191 
148 16 
129 76 
183 54 
173 37 
83 45 
81 147 
35 68 
170 2 
159 167 
79 94 
11 101 
52 132 
58 55 
53 134 
199 194 
102 69 
7 88 
4 108 
126 189 
119 192 
172 15 
1 101 
154 41 
35 134 
171 23 
95 38 
154 57 
88 62 
120 165 
155 15 
174 84 
71 136 
71 138 
107 178 
151 51 
122 175 
196 122 
12 84 
27 112 
189 56 
54 135 
135 193 
182 5 
20 98 
191 57 
45 62 
177 40 
93 117 
69 143 
9 93 
114 193 
59 148 
42 62 
170 1 
33 138 
57 146 
8 100 
31 118 
99 90 
26 109 
52 60 
170 17 
39 137 
14 95 
6 92 
85 156 
57 133 
188 41 
48 128 
136 22 
141 19 
67 139 
151 26 
27 125 
121 190 
85 170 
29 75 
94 44 
178 28 
5 94 
55 148 
58 54 
96 49 
119 183 
120 154 
41 123 
72 137 
161 8 
188 55 
119 171 
30 69 
136 173 
110 187 
182 7 
171 15 
76 118 
125 190 
177 2 
86 157 
138 36 
162 7 
171 11 
6 101 
10 117 
116 177 
122 182 
19 118 
138 74 
24 123 
89 177 
51 87 
150 75 
64 150 
116 182 
169 11 
105 182 
14 116 
199 166 
35 69 
76 89 
99 167 
139 19 
70 64 
26 120 
91 41 
187 26 
110 171 
149 12 
125 28 
36 134 
2 94 
95 164 
106 188 
37 140 
188 52 
35 120 
180 48 
74 157 
40 116 
132 24 
62 92 
101 184 
59 155 
196 74 
49 140 
87 149 
4 104 
184 35 
175 129 
99 50 
188 33 
130 189 
43 70 
155 46 
62 159 
67 58 
188 55 
29 125 
170 3 
195 69 
60 115 
166 17 
98 158 
94 172 
114 31 
157 199 
158 8 
55 130 
160 67 
158 199 
166 10 
16 100 
191 81 
155 8 
153 11 
25 127 
17 84 
64 99 
39 117 
132 198 
107 120 
30 115 
190 50 
125 185 
178 0 
118 90 
33 140 
81 166 
190 36 
32 89 
50 105 
111 185 
81 164 
121 162 
44 123 
13 90 
98 169 
23 120 
128 156 
92 170 
119 33 
72 141 
18 86 
103 59 
56 125 
129 26 
108 180 
195 97 
181 38 
8 103 
86 42 
63 113 
84 153 
199 158 
122 191 
56 156 
132 198 
173 82 
76 138 
142 197 
29 125 
6 89 
185 22 
176 0 
182 163 
86 165 
130 26 
154 66 
23 117 
199 171 
43 142 
154 29 
188 59 
89 122 
34 100 
94 173 
43 142 
168 14 
86 99 
185 35 
158 21 
55 55 
73 165 
85 171 
48 120 
135 195 
154 9 
134 199 
11 116 
70 97 
109 32 
50 128 
75 95 
96 41 
13 108 
36 76 
126 194 
179 52 
108 182 
65 77 
27 133 
107 106 
61 152 
167 18 
15 107 
157 9 
77 153 
58 140 
89 95 
46 130 
188 36 
48 124 
199 166 
80 46 
49 137 
195 75 
134 23 
99 37 
71 49 
20 86 
67 114 
51 127 
25 120 
10 116 
115 185 
35 136 
132 197 
85 88 
109 37 
149 40 
98 170 
81 170 
114 190 
127 190 
78 171 
174 81 
177 38 
148 13 
103 186 
117 182 
89 41 
163 5 
111 187 
167 8 
31 128 
59 158 
119 29 
19 93 
35 139 
32 115 
53 139 
173 70 
31 74 
8 89 
130 25 
131 198 
147 13 
137 195 
126 195 
149 39 
62 141 
155 8 
126 66 
93 172 
141 17 
159 37 
132 25 
37 124 
148 12 
197 82 
199 184 
59 112 
105 170 
