37071
8884
15239
17448
59647
60448
60607
59528
6373
30615
14000
57720
59539
14501
29312
51901
29513
61090
37072
60484
12365
6874
57374
57577
13136
59763
7080
59750
28757
28668
14012
30755
57142
15356
15401
10095
5837
8112
57578
17412
57623
30901
14524
5797
51874
61349
8249
62800
7465
15362
60352
47538
15351
7683
57166
16199
58769
58185
61093
12454
61355
31117
15319
60678
29540
29307
15395
5785
8111
15418
16004
32399
15374
57248
2477
29568
59760
29547
30339
28437
15531
59573
7462
16244
15449
13450
28812
2647
7664
30959
15783
6179
10024
15503
60245
30715
37146
61294
36920
30684
17478
57163
7322
12982
55929
11464
59779
6171
15314
16099
28883
29397
12556
13479
17471
15786
8027
15481
14471
28827
51881
57905
10470
57696
30415
13762
34457
60741
28761
7948
57656
61026
15210
17809
15495
29245
30556
55836
15190
28889
8377
9775
60351
31945
57354
16190
36869
57363
30607
55727
17445
17970
17537
16274
34162
8104
14545
2763
15452
37162
17435
15325
46405
14658
31144
30632
59870
16281
61157
57231
17742
60464
30637
61294
60504
11835
34019
6742
29488
7368
59859
2639
17472
57682
46512
14019
53218
28752
31221
61061
17711
12643
30570
15223
10061
15463
8909
37082
60602
17926
60321
15320
58201
36898
17864
60300
30561
59496
13954
18064
16236
57139
34377
7945
59902
15926
14113
17873
17777
15858
36626
8390
37161
17525
62803
7237
17502
28717
16013
59903
14019
29514
15717
60303
29437
30468
17792
59747
16028
60253
60275
58635
7079
54239
15311
28797
7967
30891
61354
11695
7482
15539
16020
13949
59565
5792
12612
30399
60897
60336
28707
11522
15193
15365
17724
60437
15320
29305
28756
40678
16247
31440
7648
52351
18130
37140
15348
57724
55468
28698
31074
36805
12672
46527
15660
28703
12547
18082
52335
18073
29502
12609
7235
17940
57689
15833
15469
17855
13662
60347
31087
62806
2689
62386
58966
36876
28689
28436
15663
6374
60460
10068
37083
58260
28681
17711
12645
30563
59563
60329
16242
30721
13957
51955
58205
14541
37158
15327
34750
60252
17810
14406
14835
60256
18020
12897
15420
17477
15837
29562
28686
31206
14420
57382
13028
59885
37143
57272
14630
32085
35072
54206
36909
15541
17467
14579
56984
29235
15881
28732
17343
14491
15939
18002
31101
46671
30964
15390
28708
16241
30612
15802
57102
12037
17932
58415
58105
30396
29198
11840
59146
13919
18051
7174
58578
13462
15543
30524
5813
28713
18034
17583
15298
7485
28745
15267
14661
59872
28862
16198
28770
2758
33462
14000
62802
6358
16017
8123
7651
17560
15283
17520
59895
59638
8720
7676
28687
29169
7668
15596
17374
59582
60344
15262
34557
31039
17540
60945
14821
28435
29122
60692
60346
31379
7449
37161
31408
36907
15521
8997
57613
47483
7423
29212
13975
12181
16041
41002
37067
15360
16194
16002
37075
13710
29559
16210
6385
56083
15569
15217
28760
46403
60345
15202
60457
30704
15639
2453
11854
57490
32107
15910
15324
11639
17851
10009
30386
2770
17826
28711
14050
2602
30235
11506
17578
30697
31317
59173
15229
14639
62802
14669
15655
41002
15272
18082
17405
55514
57141
6376
52325
57543
29199
59751
28683
15580
59526
28842
14175
28435
17602
15561
36850
12683
12600
56141
9338
7986
29790
15306
30674
34525
60696
60270
59858
29550
12644
60561
30695
34400
37096
31104
37157
60464
59480
2686
14820
15476
46513
29778
12109
30979
28867
51932
60651
17480
9838
60864
28764
57681
15462
57883
59486
57650
61315
60505
28809
60340
13212
15609
15877
41002
36895
61008
36449
29520
59665
17392
7974
15877
29207
60621
57715
15438
60246
31316
5883
29313
10867
29551
60296
31212
58363
13772
58074
46783
16035
60912
37226
7464
61069
7671
8520
15208
37072
8175
57677
53242
6217
36634
46715
17408
37076
37233
57377
57362
59670
31022
57973
31087
31388
36861
17998
15230
15912
15455
18035
30580
37145
33002
57347
36430
31686
14563
31377
59757
11637
56415
15903
12685
57879
32667
6404
60647
12632
30736
28643
59778
61352
31075
46458
34644
15319
15427
33628
14515
59858
11588
60799
46778
60743
60248
57380
31343
61316
57190
60940
46467
16094
16189
15364
56844
36902
41001
17986
60638
8173
17620
15450
16092
7372
40595
59790
57579
30912
6186
7345
18255
28832
11629
62798
11826
18042
17814
2703
14832
29306
8177
15563
31060
17489
6656
46696
28755
15819
62798
15202
30714
51898
14443
60456
57361
31228
57470
58171
59858
15268
28893
16027
30411
57787
29174
36916
16045
59491
12133
51913
60500
16046
7472
17725
18013
17377
7276
28441
34611
8558
5788
60444
57087
29489
59353
30644
57600
60290
28805
30536
60353
28847
28643
12699
40767
8528
2666
58079
35081
17976
11713
57707
31099
33265
28782
6370
53220
28644
14810
46519
29247
46656
60294
59191
7651
60467
11823
29450
12384
60346
17678
28716
59155
16285
16094
16001
7951
15473
28666
16010
30953
31096
60252
15302
59186
30346
18019
7681
58514
60447
52205
31004
55745
57747
61083
30380
34169
28773
46695
60445
12766
30245
15367
46715
56232
57808
36866
17506
5787
57129
6756
15511
14109
29608
13684
46468
14641
15584
7355
61355
56177
30955
60448
12365
11768
57579
30579
15218
37141
58317
36867
60805
29511
62801
7648
62780
29315
7998
28755
60448
60436
30946
60891
28647
59464
60600
56048
14400
60524
30894
18266
60339
10248
61056
11803
9271
36921
28775
40661
36851
15349
17890
32898
2673
15818
40681
15419
60730
18010
29529
29542
12521
5813
60492
60434
14506
31093
6496
12370
60539
59644
17784
17983
60276
30919
34465
30634
7973
17982
31019
34686
29574
15905
16072
29351
17611
7695
58886
14810
15403
12660
12630
5814
13878
58283
57331
6816
29302
7669
59494
31080
15193
30523
16220
30623
59862
17387
14651
29265
28792
17787
60603
17854
30455
14214
15414
60464
60662
28815
36806
17624
17349
29000
9641
7683
30735
61290
17950
15355
59523
31358
11253
59901
37140
29546
8879
10184
5888
60355
13151
2635
16083
12585
61279
29315
10238
37095
17558
60833
30599
29446
60637
60341
57620
58530
13328
16062
60656
17603
16215
30627
29801
14429
2695
7455
37074
61257
17905
14083
59896
60500
17511
56107
57782
60768
31327
57651
31179
14661
56532
59893
11454
28649
47492
47429
11992
2772
18016
58528
14622
59894
58949
2466
9152
57680
8009
17462
61251
60497
57768
29506
8547
17771
15386
60450
60293
36883
34447
13380
12432
59160
14141
16007
56414
47547
7695
6355
15605
30771
37109
13753
37162
5831
41002
18092
15416
59850
9192
37231
15190
15879
8995
15984
2640
15441
60302
16293
17428
57385
7469
57372
15254
29230
60686
30612
53143
15370
34390
36874
60449
13975
29620
15203
29183
28614
12649
15356
31104
60306
36804
60500
35166
16082
59790
37162
62797
12684
46745
13833
60665
16235
60467
60485
14547
58763
15891
18007
51969
61060
58964
60290
14528
60303
59363
30420
16107
30447
30610
33495
15578
8668
18043
57617
61363
55808
57611
41002
29602
16085
54702
30935
31254
12095
5881
36462
57555
57606
14148
10226
30892
29378
59535
6388
60346
11707
15875
59291
28696
2683
58072
51938
60464
30430
8002
37067
10177
57305
57654
30906
59460
28822
58044
59757
31616
15484
15489
59113
17394
60257
15357
60492
15814
57215
57657
15876
28701
2476
13195
17565
16100
15412
15349
31016
15420
57295
11223
60248
6573
17921
51938
8000
7988
31357
57299
14396
17830
28716
28436
33830
55621
30889
59451
15319
59419
60654
31271
61140
11997
15457
29062
14505
2766
6376
15296
9673
12748
13855
31398
12504
14649
57669
6180
15898
15983
17475
13174
15557
17791
15312
13973
51897
17354
60307
30956
36898
59871
15317
36902
29607
31148
57557
5799
30969
12759
31100
5787
16058
60564
17727
6374
11820
31277
33265
11444
30395
14670
41002
28798
46701
57485
51999
17653
31083
14425
29237
29465
14601
17470
60259
12221
59759
12788
60492
57494
15224
30653
30377
5786
15869
61061
36899
6169
29213
57909
52026
51899
55200
17677
28647
30939
15217
15615
30720
15312
30920
7991
60305
17810
18082
61057
57541
15665
31419
15471
61084
62784
9626
57466
60462
29198
11063
30379
57362
60634
30537
30734
32850
36883
57753
59562
12853
28995
57808
28656
36018
55728
41002
7694
17583
28665
60490
29400
59779
37078
14087
30762
17943
15357
17775
28746
15370
60680
60448
53225
59903
12609
6934
12158
59542
36922
60644
17442
57231
17983
52189
15982
56559
60346
12310
32959
6381
2633
14491
28664
57694
31011
6219
29296
60484
57822
12698
15594
28826
14373
29335
15192
57715
15202
15253
17648
17523
59042
30393
17516
61273
58824
7486
2635
37067
57872
15228
46780
29600
15483
29438
60583
18105
28786
15988
14669
29175
28852
36871
30543
2760
59202
2649
30705
7378
17923
58759
7648
6678
7947
13721
35130
17486
41002
15376
29089
61359
16046
29120
29341
28725
30739
5788
14669
15812
59761
33104
16222
58900
15433
12811
29403
6206
30347
17386
28778
30945
31318
15723
28714
8021
60568
15479
15307
14561
30531
30568
56447
60248
30707
59145
56409
60492
15221
57364
30423
7695
15845
31021
9152
9425
17421
56131
8743
61334
51888
55934
28716
58079
12761
28643
59765
60978
60445
17646
60246
30426
61303
30528
15315
7488
7422
29587
59900
30923
58908
28767
60607
60336
31000
11012
57694
29651
29158
60593
57499
58074
32268
59864
15356
31267
61358
30660
17501
14525
12252
60726
28747
62802
15590
37059
51886
12613
60319
11808
28734
60531
6836
28801
59750
30621
60500
57667
56433
2687
60680
7649
17376
30757
58573
57284
31729
15512
12602
18036
46518
13055
58440
36905
29580
15772
60501
15297
29574
60935
29546
57358
2636
16008
15200
30944
31209
60570
31123
37077
59903
17637
46525
31120
31572
59625
61083
12681
31207
35197
60324
37145
56414
57950
7369
17415
15850
59869
30474
61348
15230
59418
28715
62783
36477
18026
60484
60445
17385
60257
60247
29488
60309
28866
17970
7169
28754
15899
37076
57417
57569
60448
33805
11564
2669
59720
7336
60334
60508
31528
59506
46660
17529
11662
51914
12525
17524
29191
60447
15435
60667
11909
47684
54756
57591
58936
17523
15773
30438
17443
37059
30528
12861
30966
17666
13879
29306
36921
15697
29230
37064
29211
15810
57696
41002
60492
57748
46466
15259
29650
28811
12931
59777
30965
59893
52022
59365
60506
36903
56956
11654
30469
60610
14516
16076
59122
41002
37071
12336
15346
18049
58208
15215
51933
15393
57611
60253
17599
29498
12493
2763
30716
60971
17613
60257
36866
12551
17455
59112
61070
17526
14505
29330
10363
57629
31081
15744
58179
13911
9424
59467
28642
7695
16050
18080
60608
61331
15244
57628
30424
16241
37157
12255
51956
14624
57290
15418
17559
32427
61039
12571
15501
13974
29526
46692
17763
8105
59157
57225
16032
60512
60501
58983
30598
10180
18087
33095
17351
58880
13207
28729
15285
17649
14617
29336
59901
55869
59158
13172
31136
16213
31128
16284
30925
36403
55866
51879
60534
61336
59651
59505
18061
59536
30246
37247
60703
30730
29478
55741
7475
31160
61319
14415
29350
36532
60351
51953
59263
12489
17477
46666
31748
55408
60511
29322
13306
29559
34557
14819
15234
34377
60492
7684
14407
17917
59271
60701
60245
60572
36922
5837
59870
29425
60245
16065
59120
60654
29658
8068
29239
46719
14526
15216
31051
32304
29565
15759
2722
30884
60348
60452
60445
35174
32419
30507
56391
28743
11867
18089
5831
36585
57804
56249
59859
14505
12061
29534
28823
17566
58075
12760
55825
14846
60497
28703
16032
56421
56098
57716
15465
17841
2724
15376
17378
15242
58965
14446
59545
18255
14156
29487
31211
17719
10043
12607
59475
6263
31865
18015
15220
12405
46687
16273
60301
57366
33099
41002
30512
28663
15231
29531
59657
14829
13745
28953
14508
15317
59779
32552
60293
2470
59611
6398
52248
17344
13099
15730
37083
29609
52006
57682
30724
46521
10314
58203
16077
16273
30973
59587
12621
29357
7640
47466
60347
60501
17893
17604
17865
15599
29788
60464
59399
31098
12420
30734
35076
5887
57655
5788
29361
8205
57657
37059
31336
30486
61345
14714
15348
60718
28736
13936
57755
29346
60685
59427
7948
13929
33023
56335
60486
7038
18078
15936
53325
58872
14348
57618
2645
57479
37145
15233
7695
53157
29078
30921
17859
12843
28799
11435
30669
14444
28665
16278
29374
28641
57377
16084
14652
58940
30497
37246
16104
30606
31110
29395
28938
13843
16239
17590
29491
57496
15425
12552
60436
7356
31177
28818
60683
17684
29539
6264
30992
28436
8373
30371
7671
28825
31219
5882
40985
59356
36893
6179
28684
59076
59394
13910
34654
17410
60497
55717
13203
54985
58481
15492
17431
28687
60975
59181
17524
7671
9382
40987
51948
56232
13984
29445
31156
30228
59791
16061
28803
15207
29656
61367
37228
58691
62725
59758
60342
5830
28736
18266
60467
30367
17709
13049
17456
12020
14654
17851
29405
14411
14032
37091
57496
18774
59626
13987
37231
30742
9756
30390
57255
12659
33305
28824
60247
28947
60488
17436
28655
58127
57128
57744
15620
46514
28776
11424
8054
28664
60640
15430
6403
17632
57731
59901
60301
30420
30852
8036
60951
28774
15526
61352
17974
15331
56401
31518
16103
2640
36874
30249
57223
28650
58093
15229
17472
11919
59874
46518
28779
32963
60688
31311
15220
2678
59717
13526
15630
2457
9157
18023
17913
6384
9317
29557
12250
60502
30375
16242
46468
57736
29609
2718
59697
29541
30907
12355
58002
15398
28965
17756
15676
11847
28671
60347
13413
29405
15244
16271
60985
30935
11817
37247
52234
57352
29537
36507
28680
29558
51935
28705
7647
61092
15901
18253
14810
7946
29316
2655
30746
52267
16233
30389
8436
11664
15292
58182
46673
28816
31204
11128
59517
17637
46680
60272
13925
17772
15746
10195
15249
30881
58963
16051
17699
17406
29208
29442
60263
17906
16073
15460
53321
7464
28772
28687
15570
28702
18280
58893
29126
30940
58068
15448
59759
18001
59608
29579
59465
59329
57861
57607
15195
13163
18035
14846
29352
12705
56418
58481
11802
12636
56810
28655
57628
9040
29799
10136
59750
31154
29409
15704
8998
57765
60337
10172
60485
30969
28699
51892
46463
29346
29620
29495
2632
59709
18049
59778
29551
29391
16216
60275
7472
57662
11957
31350
12819
28921
60634
59507
14833
31214
37139
31123
29170
59790
16272
7415
9049
59777
11512
29558
11785
14671
59365
15328
15214
16042
41002
52266
59110
13857
46526
51948
36899
29609
59790
15575
16283
31220
30422
16293
57513
14163
15354
15369
61056
60443
17417
11595
2656
5883
15208
7652
2684
17968
13224
9335
11063
31013
37070
14425
41002
31203
30948
41002
29351
59531
56956
17832
17348
13733
17887
17531
12543
30539
31097
6204
30617
28649
60528
60445
57692
61349
29656
58897
59481
6606
12913
60501
60246
51989
31400
13280
14817
36872
17677
56359
57643
59777
61084
28784
17623
15351
55093
59514
28685
15202
13116
5884
56406
59601
30446
57253
60998
59522
17741
30856
31289
60604
60502
47547
58536
6940
14066
2773
29458
2634
57690
31135
17813
14073
8161
57716
16231
30595
37078
41002
31908
60501
56391
15409
9005
11542
57603
61345
6374
28823
7644
12404
12773
55585
37091
15361
18262
60448
32943
29201
61081
46468
18050
57249
17715
30437
33081
28691
59013
60252
6208
41002
28655
57473
16093
18772
61141
12635
36076
17559
17848
28666
15419
33995
15390
57704
16199
15351
28853
17614
51881
59255
61064
9397
60540
60467
17449
2782
14523
60649
59779
28436
28879
15431
60247
12209
29787
6741
18275
15446
58364
59194
15297
2683
57530
8151
2659
33501
28438
29463
30683
41002
33059
40576
30698
15436
18069
36922
8014
60332
2681
59092
15367
8258
60467
18027
57489
15189
5881
56855
56443
31196
15217
2763
60338
60500
60445
17407
15382
7461
28874
16050
15272
57498
47493
46670
28701
28684
60672
18137
15269
5830
9986
29589
60250
59010
29310
29597
60352
8018
13910
16241
8077
15356
30418
8016
13155
15407
17485
60444
51956
60325
61363
57333
59858
16078
37084
60528
17692
29217
12764
58465
14817
33933
41002
13890
34205
17746
60294
30715
58035
5831
61062
51915
11043
8869
17425
60519
13144
15423
30344
6356
12175
37070
17647
14432
59323
53343
59903
36806
13671
17461
14833
29197
7682
17717
59539
5814
17505
11453
15365
61053
34458
31234
57692
17404
37094
28790
16280
15310
62796
59422
28737
15362
11822
31163
12562
61265
6386
17403
14547
60876
17398
12678
12800
29456
60451
57356
7648
14424
28798
16212
30559
59530
36918
31081
7447
6398
12614
46780
36916
60497
58451
15253
29327
59756
7944
60301
57977
57374
5788
17505
30561
52021
60627
57445
29542
15913
5881
30228
59591
12511
14507
2454
36887
17448
13571
14835
59900
60682
61257
30859
15923
28764
28817
57762
6741
40595
59758
58922
51954
32101
36911
30485
5887
31266
56107
5792
6209
46779
57397
61063
57428
60436
31208
51917
8170
58393
13726
57599
17945
28918
60266
17854
31095
15455
12263
37157
17716
36866
29451
12877
14539
6172
6805
13492
11202
59871
15221
31151
47453
60353
28736
2670
60492
7641
9650
59858
57762
61323
7223
58881
29497
16019
28647
15372
15235
51846
30922
60297
16047
13981
15439
18258
57374
55052
30895
17796
59858
15884
53130
55440
12578
57891
15434
59372
36893
2681
58212
18084
7683
60247
17734
37162
30419
46724
60498
37146
15325
15725
60613
61073
29331
29458
30967
17656
15212
37076
29384
15712
57708
53122
7695
57666
15602
62807
61356
30580
60293
29528
58112
7641
29606
60347
60455
37227
17353
2471
32940
28783
60488
57758
15454
29592
28715
6179
33854
31103
61139
11515
37157
28654
14555
51917
30717
60439
60245
8001
7992
12489
58274
17818
5880
28887
29228
7444
14478
12694
57226
17686
14484
28725
60436
13933
28758
55950
14846
60953
28713
6742
31278
14522
29591
31176
46671
52241
56513
29551
14507
11540
30702
59562
18086
15299
15422
12146
60439
59548
37087
46692
41002
14059
6373
46694
46720
15265
30481
17525
15871
2655
60700
34682
29568
15306
6920
59594
60813
59696
30961
7948
55838
60492
29501
14483
59175
15146
15629
60302
61016
15769
47525
60534
17687
37068
59758
61351
29358
29414
15364
9395
58469
15219
47799
15511
17533
60573
14636
62784
57482
57482
59335
15980
17515
9533
15666
60530
14604
30425
14497
15351
17870
60272
60449
30427
14835
28654
59779
2470
30996
7641
16271
59585
59850
17671
57808
59148
46460
41001
56286
7673
36380
60759
18132
13985
29139
12930
2782
2635
60344
51895
15624
59744
12635
15223
30564
31385
41002
61079
41002
57359
16029
29524
17913
17990
30913
28417
18026
59443
57956
2458
59507
15300
59152
15464
15863
29489
18278
29518
13899
56783
15649
13886
17455
59216
15952
15204
18028
59860
2456
13960
46663
6271
59778
28816
37065
29788
36917
31116
60440
15438
17917
17571
54839
57379
34578
36918
17593
35218
29321
28688
8130
29554
31164
2459
60791
18018
57824
16192
15796
37067
14517
28751
28873
31386
56152
14620
18262
28745
61090
60273
2635
11412
60920
6386
9082
15486
59597
11460
52005
40596
59850
16050
60250
34239
2750
2661
15367
30971
12593
5887
37141
60443
17405
6344
31080
60643
15325
15194
28685
2688
30536
8711
29538
15999
17585
11827
14372
14452
30939
61354
13798
56491
37070
59439
17402
30938
14071
6897
56125
30559
13980
30737
28709
30731
14113
59695
30982
13942
55724
51952
12627
15909
7641
56469
28681
15933
29364
30229
14626
60684
15190
17480
15514
59863
15192
16222
17646
60344
16283
60444
7299
60297
12557
15757
2743
14002
17996
31369
60811
10179
17519
2682
14657
16108
28770
59057
12751
29386
15942
57703
14833
12829
5831
12083
7057
6222
15800
5819
17394
17422
37077
17550
8006
36847
11178
61288
59790
8804
11635
37060
12669
15195
37141
28662
46461
61041
12583
16211
14830
57919
13824
30690
7083
60933
15275
60496
2472
11894
17567
58955
13088
11777
15968
37145
59756
9584
57381
7993
51960
16054
60307
5787
30568
59184
59620
12118
29483
51845
17572
30391
57810
28724
15355
31362
60366
59779
15437
30230
16094
29067
12345
46657
36348
61063
17636
32086
61301
59752
10333
15314
7238
28956
29332
30687
60449
14502
31213
60444
15568
59153
14182
8092
29521
13969
30377
51879
14009
29459
28433
8550
17663
8634
18103
58163
34699
47680
59760
30367
2678
60452
36869
29561
58153
59055
11146
29000
9815
37140
15215
30437
59903
30562
2775
30581
14258
29165
15240
31360
46525
28652
15313
32185
28893
2633
60256
28737
29488
60276
60248
59147
59860
58125
29218
57485
2684
30656
29439
37232
6196
59087
17502
5881
18266
30640
15762
30949
55957
46666
41002
11781
59900
30232
6204
36897
59759
60249
13931
60487
15441
7350
8002
30591
17388
6389
6496
29424
15232
31181
17948
37081
55862
28432
57728
15381
30664
57834
13675
30582
59850
51899
29802
56266
57100
60497
7670
13836
60838
60947
17651
59624
30748
36901
36804
17819
14592
51932
30384
31321
46780
57748
58006
14552
37085
2468
13741
58041
28676
28810
15199
41002
16018
37078
6195
8950
59902
61347
15199
60251
9657
17518
28659
61355
14339
51879
9064
6361
61366
36914
57579
57667
36854
59033
15676
36858
54637
57219
28432
8496
61070
16285
56189
15412
13971
57255
59893
57459
2670
30971
15201
58764
60875
37094
60260
29496
14639
62805
29274
5788
57942
51957
15425
17431
15616
13912
14475
57841
15510
16039
57219
60345
8528
17902
16237
31194
14057
13672
17538
52250
11780
60596
60439
55872
13663
14376
31145
7681
7094
37056
30750
2685
35072
58475
14424
57610
8058
57639
17642
29595
12013
18150
14521
47684
12558
60256
11609
9178
12857
33476
15327
16058
29255
60467
15828
41002
51977
28689
31320
60902
35124
12774
36848
28840
60353
59604
28653
15488
52184
14089
11836
11008
13837
11787
61033
2665
5831
57713
41002
36870
11644
14461
60484
61317
5816
13737
28702
28653
15498
60957
59508
15453
11982
59160
15475
15355
12316
58073
60901
2762
60650
17912
62799
41002
16060
29221
28816
28756
13915
28660
12999
15617
6200
8863
60775
32090
31208
29275
15635
9691
17597
14643
10122
30536
14003
58925
37064
6381
28661
15533
2639
31375
7434
13134
60682
60443
40592
53208
14630
59896
17413
29781
15485
36896
5813
6265
16035
17959
15928
60501
28683
31279
7428
30558
8173
61370
59279
15623
29590
30556
59870
7470
5786
28745
16216
37070
60257
29309
16057
30468
31151
34106
8663
15651
30569
5813
30530
34698
60447
28749
37145
29584
41002
13249
8794
29532
55886
52351
28761
30225
57228
18046
29511
36904
11576
11631
13937
60606
13739
59401
54628
57801
7475
55804
59588
15975
17975
7420
5788
17993
12953
41002
7473
29438
30722
46459
29355
28731
15921
8046
60319
29224
16249
57711
28669
12988
46512
51881
2747
12304
18089
59154
18021
2479
17576
7330
28700
37063
60448
30938
30389
61344
17858
13736
58370
56522
12958
15920
6400
17933
51898
17779
35181
11812
15363
28839
7948
30903
14819
11758
57579
14714
11799
6176
6205
14338
60437
60731
2749
60488
57304
2769
37068
30725
56390
55986
29605
60497
17766
15841
31099
61351
15480
15397
36887
15439
14507
17821
59330
31149
17372
12638
29467
29466
28704
17862
17659
60344
34739
36886
28437
28665
13987
28773
51901
37056
62804
12494
17566
7958
51932
17673
11889
30987
58022
30568
16055
30957
17665
40998
52003
14378
18079
7675
46464
28690
51878
12039
60353
5838
17539
62783
61315
30452
2711
12014
60690
15317
47466
60617
29215
16208
37145
31025
29159
29209
56885
17678
55760
61298
60341
29566
14644
17845
15287
29152
17824
13438
37072
7966
17817
15233
59318
61299
31316
8076
15517
16223
28776
60726
31178
29510
30700
58210
17960
37247
57564
11380
36805
6205
60297
51922
59355
60296
57608
12544
59115
30984
57213
46659
12634
15542
59528
17775
11973
52249
6398
57473
47803
29494
57922
30737
18280
51919
18041
13928
61340
14000
6603
37146
15956
15230
30526
14630
6204
60615
30388
15714
59562
57572
60487
15234
29465
13264
15618
14536
60316
12169
14535
15569
13270
60252
18101
60295
13519
13980
30613
57552
53211
57387
28949
11844
10104
17561
17481
57625
31012
14018
14518
57682
30662
13926
47744
17674
15209
13707
11898
57132
17790
60584
57641
12620
37157
6363
59675
11157
14491
17439
14012
51897
17868
29802
28676
29519
7997
16209
36670
36411
13267
15396
29165
12439
41002
15559
29655
28830
15883
31140
17954
58058
60593
13735
17516
13740
61144
6397
28915
17793
14002
61333
17707
10256
13126
7999
17767
57536
15577
13673
30941
52188
7681
59860
41002
37056
15813
18038
12531
15452
59355
29354
11621
58214
15424
10144
59470
59850
60750
16242
5827
16242
59548
12465
34714
15915
16087
30479
15618
41002
17714
11031
30649
11503
6227
61070
16099
30434
59105
17450
16003
55722
60355
12650
29656
15214
58866
58488
37228
32440
11750
34056
46720
18063
47546
17579
31391
13775
60701
51919
55916
52332
57611
61354
13243
30422
57704
14511
57569
58461
17575
15409
14278
30419
32066
15750
60437
15246
9427
37063
11340
13475
14611
29656
58420
52177
12527
15214
61354
29777
29294
60320
15325
62799
51906
17759
17671
28440
11347
36923
30894
60302
18009
16022
62725
29554
28432
30917
57242
57247
56174
55573
57225
59764
53206
36921
15291
6882
14629
15685
30344
30344
58884
29436
5788
6374
60499
13547
16090
15794
30995
12642
52264
29796
15377
47488
11878
16052
15406
51936
60906
5816
6819
29534
30400
15617
57591
30911
57403
59777
28781
17421
7461
29540
31021
29229
10181
41002
57356
17414
12598
17535
28788
17458
56415
13930
29498
5792
14526
15737
62797
31334
28764
57221
60302
57384
29349
37072
15985
17697
59103
5884
31921
51878
30956
51895
2769
6733
46719
29465
56131
18040
59850
13847
62805
2751
30393
29314
37094
13862
59703
15219
60352
15228
46464
15999
60355
16009
37071
30695
15360
59078
15867
60670
12946
12750
59748
32616
29296
29774
10478
29568
16090
59339
17660
46686
14437
15327
29449
60510
17513
28739
18087
28671
34599
58794
31145
30226
14519
17892
56386
53328
14466
13733
30230
15911
15949
46469
62802
12858
36866
15898
7476
5887
55399
29322
47491
13931
15368
56532
2681
36378
30709
41002
60499
31358
2782
17454
60257
14663
37146
57924
17997
14817
28790
15811
60694
15348
56553
30371
15318
14188
17843
6207
30738
28770
17902
29517
28644
11671
7966
11765
60295
29587
15327
36523
17976
28786
36915
31275
14614
51939
17983
17943
28660
60528
28739
15754
36894
30949
17550
58916
28740
28773
60252
10173
34334
12700
15365
36302
51957
16285
30625
57262
30383
62796
17571
13905
17828
60447
2647
30622
12591
59606
16041
2658
34879
15309
8015
57796
14029
7672
6878
18067
13945
15325
32617
59502
6975
11729
12685
60487
29341
13987
30733
61289
36920
36908
8680
13998
59357
16007
15792
6184
56555
30711
15902
13932
59778
15978
57471
2758
17512
28813
14442
57838
12757
36599
57268
57746
36403
59456
15466
52331
29404
29109
57816
56441
14429
6243
29535
30542
37092
17786
8029
12202
46467
60673
11606
2717
37087
60616
17929
59432
59530
56182
31964
57528
17585
59473
12688
17963
31279
41002
15360
59778
18253
7672
61255
28800
17574
59773
37145
17569
41002
29596
30748
9798
15255
13887
6196
52294
15230
30509
31088
60248
12588
30536
60620
17840
57575
57675
36856
52339
56601
28771
15843
16197
59776
15217
59890
57451
60729
15438
30451
29390
59195
46660
12967
59777
17553
57364
11852
11900
32104
14493
60854
59543
37075
12767
31182
14486
29329
17988
29519
59138
60600
52246
8049
15410
15388
28810
61051
5887
30946
6208
8187
28439
56037
60908
55748
31172
2773
60366
13533
36851
60500
61095
28752
8375
52339
14616
30528
29491
5815
51937
59664
31001
14511
56471
7471
29795
15350
29493
36899
31104
30371
28760
29367
16247
29535
60579
60515
59353
11215
11905
28677
61071
15380
15268
57860
14454
29772
14835
7409
60543
17774
46471
28770
59366
17485
40748
57584
12529
57468
29486
31062
15291
14138
29782
34558
17931
57884
31060
37058
31142
17633
30538
60463
5884
30245
17823
58870
58383
60311
59869
7366
2681
57718
59790
5786
61074
12879
61059
30909
17877
17952
16031
57473
2763
55056
59549
30748
32101
46470
57631
36557
16089
11172
17540
46477
2679
29529
33073
37057
5887
60493
15497
30950
13875
15943
46512
15543
14413
28764
59369
28650
41002
58142
58054
18137
7491
57988
41002
16292
36907
14506
14432
17445
56605
30382
34603
17482
57486
59730
29417
60849
31102
18134
61088
7331
59331
56351
28649
7491
59573
15692
28744
47738
29127
9430
30345
31187
15967
15965
34560
7478
29788
15408
29421
13704
15221
29437
60534
31128
29156
59570
56209
46407
61357
34743
31126
17525
15324
15349
12812
60445
18105
57579
60487
14498
28435
58076
46656
12653
16042
60247
7483
6398
29206
57249
32101
61074
6353
29408
15492
15995
60519
29340
29444
12592
17577
59551
58105
32748
60915
59656
15500
14628
33501
37065
60658
37161
55398
52250
15218
28734
41002
28750
54151
7441
16238
61082
46458
15524
31833
30345
32106
31166
30459
31006
6463
15581
59687
15248
2757
18031
52183
15419
57259
17675
57579
15740
12703
11792
12547
17896
37145
29220
59211
7472
60331
59171
30699
15623
14326
12303
7654
17524
11470
61056
51892
15359
13943
60351
60936
14572
15331
9738
14500
60707
57985
59322
46670
8016
59552
18051
28886
37162
17972
47427
15327
58169
47747
15441
7493
6776
57899
16076
7980
28738
57491
17553
31372
8044
57476
29593
14662
15374
34683
52266
17765
58112
60484
60312
29352
11012
31791
15897
2633
28876
31183
15352
30917
29318
30450
29551
56422
15849
12582
29515
13967
15324
36861
60996
12675
12651
17514
29557
17379
17440
14618
8457
30513
13272
18001
51956
28718
6360
59902
15565
28954
37072
60366
41002
29799
11467
28910
36857
30340
28866
31284
30943
51893
60722
28641
60439
29552
10958
57693
7282
59757
29044
29538
34393
17657
31172
29454
6170
59901
37072
47482
15200
15588
62806
31622
32902
15206
14413
30485
59870
2707
17389
28751
60275
14833
32052
60467
17448
6171
46691
62808
30910
15351
30569
15263
6386
12987
14368
59901
52020
51920
47684
17537
47492
17417
59317
6253
37087
15357
60245
7695
46470
58353
15320
31113
11911
29553
31639
5887
13921
29549
14628
16199
12805
51934
57700
17674
15353
60338
12114
29163
52265
46719
62798
11988
60652
12598
6841
15426
30620
57621
7479
7992
56533
6384
40666
28654
56419
41002
33900
57248
6171
2663
15911
34685
7365
58077
17701
2640
17521
59744
14830
15290
57741
17525
36922
15378
59871
17477
57541
14457
46725
7401
59557
29608
14515
60649
59646
16191
29050
61055
15459
53331
59471
60484
15991
28710
33325
16106
12890
14671
15897
7472
5814
6955
15545
15232
34616
28825
7986
13828
17452
14024
29531
5881
6515
59895
61029
59469
7261
60449
17412
61017
11187
12662
41002
17666
16033
51879
9001
15274
14615
60265
29071
14470
10838
55836
15709
28852
15893
13904
17615
14524
31339
59007
30424
30245
16230
57910
7077
15626
60598
28798
2458
57436
60594
35085
11761
36902
12825
15277
57559
8393
60454
10387
15665
59526
11651
16275
16080
56051
60353
18283
12578
30628
17472
61353
62798
60319
14041
15601
30368
31378
60294
37246
51899
30738
18270
59223
58071
29437
17738
6199
34598
31059
59490
12820
14513
7438
13763
17447
17409
51976
30228
29774
18080
51921
60675
15433
15196
17992
47799
36884
28880
6187
18072
28707
31396
15442
15442
17346
59327
15637
60488
16101
8800
58756
5816
17859
57618
30922
28772
58691
60635
29563
60488
18005
28753
36889
60459
7406
56469
46520
33281
31042
15551
60625
59097
56413
2648
51920
46463
8391
9070
57617
15273
28659
61313
16084
15295
57902
28740
16201
7952
59896
60301
31346
59561
16285
59871
14662
60271
59858
16056
61330
29325
15674
57363
5792
60698
30545
30628
57368
15242
41002
46524
29785
29654
31018
29497
15606
58076
31371
15811
53341
31167
51976
30744
60445
28887
46725
58474
28766
41002
28646
31227
17377
31159
29562
15961
15247
36850
15669
60434
59137
36597
18034
7659
41002
30534
31020
30756
17467
60448
59757
14489
59175
36857
60533
37143
29252
11505
2469
54901
28782
8252
59488
12595
30698
12550
13859
52249
30245
60353
30848
15993
15221
37147
13664
36613
32080
15970
34088
28618
59166
60498
60444
17446
13911
36922
57833
11557
28650
37056
18043
56238
59777
12584
7964
51878
59636
59767
37079
13582
32969
11441
51976
15465
17560
59081
29798
30338
47426
60290
60296
30232
31226
59640
60504
59749
7952
33487
14049
60487
28720
15633
59199
61340
59600
61110
57367
40986
56194
12524
14376
28737
59546
55899
57475
57928
7668
30894
14005
60488
36160
8619
15582
17696
2771
17703
40985
9255
15317
15456
28685
28437
60591
15416
59271
17459
60880
7489
58413
7230
29041
60314
56774
31359
31355
29515
58512
28947
53214
15200
15951
57369
17705
36886
61319
15670
57364
2471
57793
11490
31310
15288
28429
18037
2456
60493
17485
17991
15578
15977
10187
15799
2656
60909
17534
15275
15308
30947
17784
57651
17664
59860
59892
31328
59609
16052
28733
30583
14646
7430
61022
15303
17967
2770
7083
28800
32398
12590
31275
60649
57573
29146
14669
36377
29595
61313
60592
12142
28679
61351
30951
59102
60441
60554
15399
16247
28851
28888
15899
55842
16005
29800
13456
56179
31126
28812
60550
29565
16204
46723
14006
8633
29370
59850
8252
16014
7470
61065
29241
60257
5795
17454
15352
30661
29622
17505
57568
12655
57520
31031
12752
59760
13324
29657
18058
51934
17907
30862
15482
57711
34044
7075
57691
36855
13945
59291
18091
8163
57573
16034
60489
51894
12383
60695
32088
30638
5883
37228
60348
17713
56335
37227
60626
15632
57084
60293
60300
16062
14491
11951
12676
36910
11055
15963
57586
28696
61356
9938
17489
30525
57676
14315
13127
29590
30521
29037
12575
15261
29389
16085
33104
30646
6462
31281
14482
7130
12313
59751
29536
52236
57735
15573
7640
12372
30929
47427
28731
18106
36910
56823
31260
37063
16034
15319
61143
61354
35123
30503
59746
56290
15916
46714
17563
59421
57375
11309
12956
30637
17563
60604
11665
57710
59469
2602
30418
30580
12480
36890
60295
36907
16245
11927
6385
17668
8602
6209
15521
14048
28664
57503
29550
8434
17372
10377
18067
60697
15536
60344
31000
17846
8854
17656
57674
12538
46723
7676
17896
51914
59777
6196
7998
14476
12041
12528
16001
16244
28782
17477
36897
8827
6344
59259
29384
30541
28754
28673
30225
56829
57789
60259
29651
28813
7464
60444
29594
60629
17407
18099
5838
14430
17482
12709
17886
56429
14651
15235
59757
36915
60252
37092
28665
59180
17831
60293
9560
30625
59896
59332
59763
12617
60256
52023
46463
12389
29223
