3 200
0 0.0285473
0.0285473 0.0457629
0.0457629 0.0569339
0.0569339 0.0679477
0.0679477 0.0777557
0.0777557 0.0864418
0.0864418 0.0946238
0.0946238 0.102574
0.102574 0.109482
0.109482 0.1191
0.1191 0.127076
0.127076 0.132247
0.132247 0.137618
0.137618 0.142259
0.142259 0.146913
0.146913 0.15169
0.15169 0.155909
0.155909 0.158262
0.158262 0.161931
0.161931 0.16549
0.16549 0.168352
0.168352 0.171329
0.171329 0.174726
0.174726 0.178051
0.178051 0.180498
0.180498 0.18222
0.18222 0.18454
0.18454 0.18632
0.18632 0.189128
0.189128 0.191013
0.191013 0.19318
0.19318 0.195534
0.195534 0.197555
0.197555 0.198808
0.198808 0.20074
0.20074 0.20305
0.20305 0.204393
0.204393 0.206471
0.206471 0.208757
0.208757 0.210218
0.210218 0.212106
0.212106 0.214607
0.214607 0.216613
0.216613 0.218625
0.218625 0.221883
0.221883 0.223854
0.223854 0.226393
0.226393 0.228592
0.228592 0.231119
0.231119 0.233365
0.233365 0.235253
0.235253 0.237423
0.237423 0.239529
0.239529 0.241036
0.241036 0.242873
0.242873 0.244458
0.244458 0.246133
0.246133 0.247953
0.247953 0.248926
0.248926 0.250053
0.250053 0.251328
0.251328 0.252551
0.252551 0.253918
0.253918 0.255339
0.255339 0.256869
0.256869 0.257871
0.257871 0.259864
0.259864 0.261195
0.261195 0.262712
0.262712 0.26373
0.26373 0.265326
0.265326 0.266653
0.266653 0.26772
0.26772 0.269027
0.269027 0.270527
0.270527 0.271915
0.271915 0.273416
0.273416 0.275046
0.275046 0.276459
0.276459 0.278049
0.278049 0.279469
0.279469 0.280709
0.280709 0.28197
0.28197 0.284271
0.284271 0.28602
0.28602 0.287712
0.287712 0.289295
0.289295 0.290465
0.290465 0.292015
0.292015 0.29301
0.29301 0.294219
0.294219 0.295834
0.295834 0.297162
0.297162 0.298925
0.298925 0.299868
0.299868 0.300907
0.300907 0.302225
0.302225 0.303399
0.303399 0.304804
0.304804 0.305799
0.305799 0.306744
0.306744 0.307597
0.307597 0.308863
0.308863 0.309799
0.309799 0.311204
0.311204 0.312157
0.312157 0.312969
0.312969 0.314095
0.314095 0.315095
0.315095 0.31641
0.31641 0.317331
0.317331 0.318578
0.318578 0.319507
0.319507 0.320504
0.320504 0.321416
0.321416 0.322503
0.322503 0.323755
0.323755 0.324598
0.324598 0.326033
0.326033 0.32726
0.32726 0.328219
0.328219 0.329361
0.329361 0.33045
0.33045 0.33152
0.33152 0.33299
0.33299 0.334404
0.334404 0.335959
0.335959 0.337342
0.337342 0.339071
0.339071 0.341026
0.341026 0.342474
0.342474 0.344005
0.344005 0.345398
0.345398 0.346936
0.346936 0.348648
0.348648 0.350099
0.350099 0.351403
0.351403 0.352774
0.352774 0.353873
0.353873 0.355184
0.355184 0.356495
0.356495 0.358204
0.358204 0.359943
0.359943 0.362056
0.362056 0.363619
0.363619 0.364887
0.364887 0.367455
0.367455 0.36864
0.36864 0.369994
0.369994 0.371501
0.371501 0.373681
0.373681 0.375369
0.375369 0.377472
0.377472 0.379164
0.379164 0.381068
0.381068 0.382229
0.382229 0.383715
0.383715 0.385327
0.385327 0.388209
0.388209 0.390611
0.390611 0.392817
0.392817 0.395995
0.395995 0.400576
0.400576 0.405429
0.405429 0.410142
0.410142 0.414825
0.414825 0.422848
0.422848 0.427817
0.427817 0.432194
0.432194 0.437563
0.437563 0.444731
0.444731 0.450659
0.450659 0.45562
0.45562 0.461128
0.461128 0.466051
0.466051 0.470738
0.470738 0.473714
0.473714 0.476945
0.476945 0.479141
0.479141 0.481897
0.481897 0.484437
0.484437 0.487467
0.487467 0.490794
0.490794 0.49494
0.49494 0.498231
0.498231 0.50192
0.50192 0.505001
0.505001 0.509129
0.509129 0.512091
0.512091 0.516294
0.516294 0.520654
0.520654 0.52385
0.52385 0.526977
0.526977 0.530424
0.530424 0.534683
0.534683 0.539282
0.539282 0.542011
0.542011 0.545095
0.545095 0.548813
0.548813 1.79769e+308
0 0.0172902
0.0172902 0.0235843
0.0235843 0.0282073
0.0282073 0.0319996
0.0319996 0.0348928
0.0348928 0.037863
0.037863 0.041196
0.041196 0.0446654
0.0446654 0.0488358
0.0488358 0.051463
0.051463 0.0552003
0.0552003 0.0588731
0.0588731 0.061787
0.061787 0.065137
0.065137 0.0687209
0.0687209 0.0717587
0.0717587 0.0747421
0.0747421 0.0778645
0.0778645 0.0807666
0.0807666 0.0837009
0.0837009 0.0862176
0.0862176 0.0891298
0.0891298 0.0920723
0.0920723 0.0945533
0.0945533 0.0988054
0.0988054 0.101975
0.101975 0.105089
0.105089 0.108932
0.108932 0.112773
0.112773 0.116439
0.116439 0.119582
0.119582 0.122462
0.122462 0.124797
0.124797 0.128372
0.128372 0.13042
0.13042 0.133108
0.133108 0.136115
0.136115 0.139225
0.139225 0.141693
0.141693 0.144936
0.144936 0.148079
0.148079 0.152055
0.152055 0.154537
0.154537 0.15764
0.15764 0.160358
0.160358 0.163502
0.163502 0.166514
0.166514 0.169777
0.169777 0.172806
0.172806 0.174929
0.174929 0.178038
0.178038 0.181359
0.181359 0.185014
0.185014 0.187957
0.187957 0.190473
0.190473 0.193133
0.193133 0.195381
0.195381 0.198242
0.198242 0.200317
0.200317 0.202261
0.202261 0.205055
0.205055 0.207676
0.207676 0.209625
0.209625 0.211395
0.211395 0.213989
0.213989 0.215664
0.215664 0.216852
0.216852 0.219257
0.219257 0.220868
0.220868 0.222495
0.222495 0.224022
0.224022 0.226182
0.226182 0.227908
0.227908 0.22977
0.22977 0.231325
0.231325 0.233153
0.233153 0.235135
0.235135 0.237447
0.237447 0.239186
0.239186 0.240982
0.240982 0.242458
0.242458 0.244532
0.244532 0.245888
0.245888 0.247472
0.247472 0.249077
0.249077 0.250613
0.250613 0.252768
0.252768 0.254473
0.254473 0.256208
0.256208 0.25807
0.25807 0.259837
0.259837 0.26163
0.26163 0.263537
0.263537 0.265624
0.265624 0.268123
0.268123 0.270177
0.270177 0.272093
0.272093 0.274441
0.274441 0.276468
0.276468 0.278658
0.278658 0.280936
0.280936 0.283444
0.283444 0.285676
0.285676 0.288163
0.288163 0.29083
0.29083 0.292379
0.292379 0.294202
0.294202 0.296729
0.296729 0.298962
0.298962 0.30027
0.30027 0.301933
0.301933 0.303494
0.303494 0.305114
0.305114 0.306528
0.306528 0.307844
0.307844 0.309375
0.309375 0.310343
0.310343 0.311592
0.311592 0.313039
0.313039 0.314596
0.314596 0.315805
0.315805 0.317152
0.317152 0.318748
0.318748 0.320161
0.320161 0.321813
0.321813 0.323077
0.323077 0.324803
0.324803 0.326261
0.326261 0.328151
0.328151 0.33082
0.33082 0.332912
0.332912 0.335158
0.335158 0.337191
0.337191 0.340002
0.340002 0.342219
0.342219 0.343823
0.343823 0.346658
0.346658 0.348421
0.348421 0.352114
0.352114 0.354432
0.354432 0.356763
0.356763 0.359265
0.359265 0.362454
0.362454 0.364595
0.364595 0.367159
0.367159 0.369218
0.369218 0.371327
0.371327 0.37372
0.37372 0.376583
0.376583 0.379115
0.379115 0.381195
0.381195 0.382732
0.382732 0.384077
0.384077 0.387046
0.387046 0.389327
0.389327 0.391226
0.391226 0.393335
0.393335 0.39524
0.39524 0.397243
0.397243 0.398585
0.398585 0.401275
0.401275 0.403819
0.403819 0.405471
0.405471 0.407107
0.407107 0.409341
0.409341 0.411748
0.411748 0.413721
0.413721 0.415648
0.415648 0.41746
0.41746 0.418792
0.418792 0.421245
0.421245 0.423445
0.423445 0.42588
0.42588 0.42869
0.42869 0.431139
0.431139 0.433918
0.433918 0.436695
0.436695 0.44025
0.44025 0.442701
0.442701 0.445504
0.445504 0.448973
0.448973 0.451964
0.451964 0.454901
0.454901 0.457722
0.457722 0.462405
0.462405 0.465957
0.465957 0.470309
0.470309 0.474041
0.474041 0.477785
0.477785 0.484471
0.484471 0.491596
0.491596 0.50054
0.50054 0.51463
0.51463 0.529975
0.529975 0.546732
0.546732 0.554818
0.554818 0.563667
0.563667 0.580194
0.580194 0.60835
0.60835 1.79769e+308
0 0.0117921
0.0117921 0.0169884
0.0169884 0.0211423
0.0211423 0.025344
0.025344 0.0309659
0.0309659 0.0341369
0.0341369 0.0392375
0.0392375 0.0430611
0.0430611 0.0470163
0.0470163 0.0501402
0.0501402 0.0545693
0.0545693 0.0590391
0.0590391 0.0628915
0.0628915 0.066339
0.066339 0.0692558
0.0692558 0.0722262
0.0722262 0.0756777
0.0756777 0.0786262
0.0786262 0.0808992
0.0808992 0.0839733
0.0839733 0.0876547
0.0876547 0.0916126
0.0916126 0.0966916
0.0966916 0.100587
0.100587 0.10375
0.10375 0.10686
0.10686 0.110096
0.110096 0.114148
0.114148 0.118568
0.118568 0.123962
0.123962 0.128831
0.128831 0.134849
0.134849 0.140567
0.140567 0.146413
0.146413 0.1502
0.1502 0.154917
0.154917 0.159275
0.159275 0.165288
0.165288 0.170301
0.170301 0.17498
0.17498 0.178534
0.178534 0.18351
0.18351 0.186209
0.186209 0.188981
0.188981 0.192893
0.192893 0.196319
0.196319 0.200993
0.200993 0.20831
0.20831 0.213768
0.213768 0.218925
0.218925 0.222896
0.222896 0.228142
0.228142 0.2329
0.2329 0.237229
0.237229 0.241707
0.241707 0.246647
0.246647 0.251844
0.251844 0.25628
0.25628 0.259796
0.259796 0.265682
0.265682 0.272307
0.272307 0.276366
0.276366 0.282977
0.282977 0.289514
0.289514 0.295135
0.295135 0.302985
0.302985 0.306806
0.306806 0.313211
0.313211 0.316709
0.316709 0.320758
0.320758 0.326126
0.326126 0.330304
0.330304 0.333779
0.333779 0.337904
0.337904 0.34192
0.34192 0.346553
0.346553 0.349822
0.349822 0.35395
0.35395 0.357662
0.357662 0.361156
0.361156 0.36526
0.36526 0.368224
0.368224 0.372765
0.372765 0.37685
0.37685 0.380774
0.380774 0.385413
0.385413 0.388689
0.388689 0.393447
0.393447 0.397335
0.397335 0.401842
0.401842 0.406219
0.406219 0.409466
0.409466 0.412338
0.412338 0.414771
0.414771 0.418279
0.418279 0.421062
0.421062 0.424304
0.424304 0.427232
0.427232 0.429971
0.429971 0.432281
0.432281 0.434568
0.434568 0.436859
0.436859 0.439147
0.439147 0.441449
0.441449 0.443752
0.443752 0.446063
0.446063 0.448451
0.448451 0.450424
0.450424 0.453094
0.453094 0.456104
0.456104 0.459145
0.459145 0.461934
0.461934 0.465595
0.465595 0.468959
0.468959 0.472099
0.472099 0.475547
0.475547 0.478661
0.478661 0.48035
0.48035 0.483689
0.483689 0.486071
0.486071 0.489309
0.489309 0.492247
0.492247 0.495687
0.495687 0.498039
0.498039 0.502045
0.502045 0.504548
0.504548 0.507689
0.507689 0.511244
0.511244 0.513927
0.513927 0.516659
0.516659 0.518904
0.518904 0.521537
0.521537 0.523997
0.523997 0.525908
0.525908 0.528361
0.528361 0.530662
0.530662 0.532757
0.532757 0.535395
0.535395 0.536966
0.536966 0.540065
0.540065 0.542723
0.542723 0.545604
0.545604 0.549615
0.549615 0.552585
0.552585 0.556542
0.556542 0.560873
0.560873 0.565785
0.565785 0.569546
0.569546 0.5725
0.5725 0.576158
0.576158 0.579962
0.579962 0.5843
0.5843 0.588357
0.588357 0.592743
0.592743 0.597194
0.597194 0.603488
0.603488 0.60852
0.60852 0.612482
0.612482 0.616179
0.616179 0.620217
0.620217 0.623712
0.623712 0.626659
0.626659 0.630675
0.630675 0.634561
0.634561 0.639049
0.639049 0.642897
0.642897 0.646136
0.646136 0.650201
0.650201 0.653527
0.653527 0.656434
0.656434 0.660121
0.660121 0.663228
0.663228 0.667909
0.667909 0.671388
0.671388 0.674545
0.674545 0.67698
0.67698 0.680451
0.680451 0.682809
0.682809 0.685127
0.685127 0.688534
0.688534 0.692122
0.692122 0.694856
0.694856 0.697243
0.697243 0.700137
0.700137 0.703974
0.703974 0.707537
0.707537 0.711381
0.711381 0.714974
0.714974 0.717909
0.717909 0.721066
0.721066 0.724838
0.724838 0.727321
0.727321 0.730264
0.730264 0.732657
0.732657 0.735406
0.735406 0.739288
0.739288 0.745544
0.745544 0.750868
0.750868 0.756654
0.756654 1.79769e+308
